Label	slice	Saturated	J.D.-2400000	JD_UTC	JD_SOBS	HJD_UTC	BJD_TDB	AIRMASS	ALT_OBJ	CCD-TEMP	EXPTIME	RA_OBJ	DEC_OBJ	FWHM_Mean	Source_Radius	Sky_Rad(min)	Sky_Rad(max)	X(IJ)_T1	Y(IJ)_T1	X(FITS)_T1	Y(FITS)_T1	RA_T1	DEC_T1	Source-Sky_T1	N_Src_Pixels_T1	Source_Error_T1	Source_SNR_T1	Peak_T1	Mean_T1	Sky/Pixel_T1	N_Sky_Pixels_T1	FWHM_T1	Width_T1	X-Width_T1	Y-Width_T1	Angle_T1	Roundness_T1
aligned_Sabine_V_30s_20200824_131834_out.fits	1	0	59086.05433247704	2459086.054332477	2459086.054158866	2459086.059467066	2459086.0602346645	-1	-82.57067106104716	-9.787817268	30	0.0176649981757174	0.1151319516613534	4.439641616104546	10	16	20	561.8405639913232	519.8901648998822	562.3405639913232	504.60983510011783	21.542932849269015	-2.9785924369036634	43034.30086311855	314.15926535897916	230.87436716200185	186.3970495820434	2232	136.9824340973828	19.68395061728395	405	4.439641616104546	6.221149534948409	6.045005918432022	6.397293151464796	56.81904767426032	0.980086012064985
aligned_Sabine_V_30s_20200824_131912_out.fits	2	0	59086.054761388805	2459086.054761389	2459086.0545877777	2459086.0598959974	2459086.060663596	-1	-82.72548292921232	-9.787817268	30	0.0176650001345456	0.1151319643990428	4.884682057415314	10	16	20	561.9561113462925	519.6765995832852	562.4561113462925	504.8234004167148	21.542921550449233	-2.9784714989075067	42763.9586832784	314.1592653589794	231.8522490134179	184.44487325548235	1982	136.12190821242672	20.020408163265305	392	4.884682057415314	6.271224251720454	5.954221141076265	6.588227362364645	59.606408164032835	0.9573097761094213
aligned_Sabine_V_30s_20200824_131949_out.fits	3	0	59086.055191423744	2459086.0551914237	2459086.0550178126	2459086.060326052	2459086.0610936503	-1	-82.88069936824422	-9.787817268	30	0.0176650020986356	0.1151319771709476	4.360958243473242	10	16	20	562.4106621804626	519.924728622236	562.9106621804626	504.575271377764	21.542919558739868	-2.9785729004965003	41271.006551169026	314.1592653589792	230.77866850822744	178.8337146494009	2014	131.36969397993096	19.96124031007752	387	4.360958243473242	6.0787576327986805	5.804542247972621	6.352973017624739	59.51920652946852	0.9655922679929535
aligned_Sabine_V_30s_20200824_132027_out.fits	4	0	59086.05562281236	2459086.0556228124	2459086.0554492013	2459086.06075746	2459086.061525059	-1	-83.03640351249447	-9.787817268	30	0.0176650040690413	0.1151319899839209	3.9440465184646643	10	16	20	563.5363007216373	520.2383261417525	564.0363007216373	504.2616738582475	21.54291621020521	-2.9785701199751675	41501.06305842145	314.15926535897927	228.83429020266317	181.35858494662992	2425	132.10198658632456	19.441463414634146	410	3.9440465184646643	5.937080722841555	5.861184473520835	6.012976972162275	53.11315650766239	0.9916312571472825
aligned_Sabine_V_30s_20200824_132104_out.fits	5	0	59086.056060590316	2459086.0560605903	2459086.055886979	2459086.061195258	2459086.0619628564	-1	-83.19441283188144	-9.787817268	30	0.0176650060687672	0.1151320029875539	4.537527929834769	10	16	20	563.9503831585264	519.7582936961888	564.4503831585264	504.74170630381116	21.542908020907515	-2.9785868076465842	41897.16435733475	314.15926535897927	229.93463015263694	182.21337225072298	1948	133.36281618006797	18.997487437185928	398	4.537527929834769	6.349676449243113	6.419108563017035	6.28024433546919	37.68066424284718	0.9925133751455333
aligned_Sabine_V_30s_20200824_132141_out.fits	6	0	59086.05688784737	2459086.0568878474	2459086.0567142363	2459086.062022553	2459086.062790151	-1	-83.4929958001054	-10.20308404	30	0.0176650098479694	0.1151320275625999	5.173677188640675	10	16	20	564.0774412010988	520.0808213986832	564.5774412010988	504.41917860131684	21.54290602564269	-2.978595276786741	41511.814448219404	314.1592653589792	231.26798174422996	179.49659150884645	1463	132.1362093229536	19.9453125	384	5.173677188640675	6.850435888843858	6.556715407165411	7.144156370522305	56.2827238481938	0.9502462345163236
aligned_Sabine_V_30s_20200824_132219_out.fits	7	0	59086.05692457175	2459086.0569245717	2459086.0567509606	2459086.062059279	2459086.0628268775	-1	-83.50625068225997	-9.787817268	30	0.0176650100157507	0.1151320286536324	4.991994819528308	10	16	20	565.2088277776204	519.6055951079732	565.7088277776204	504.89440489202684	21.542890988757925	-2.978472414739295	41985.15414637959	314.15926535897927	230.49744353399421	182.1501943911475	1755	133.64289637742996	18.508997429305914	389	4.991994819528308	6.4821038182325035	6.301273382330469	6.662934254134538	60.826440058224534	0.9887136255639729
aligned_Sabine_V_30s_20200824_132256_out.fits	8	0	59086.05735686328	2459086.0573568633	2459086.057183252	2459086.06249159	2459086.0632591886	-1	-83.66227645385106	-10.20308404	30	0.0176650119908174	0.1151320414969121	4.3602739484579285	10	16	20	565.5276510339315	519.4186697682433	566.0276510339315	505.08133023175674	21.542889387898708	-2.9785338897926503	42297.24008231494	314.1592653589794	231.84036029887537	182.44122821318837	2034	134.63629676490135	18.64814814814815	378	4.3602739484579285	6.30797111093951	6.132334220468319	6.483608001410701	57.305143155883066	0.9821464045920166
aligned_Sabine_V_30s_20200824_132333_out.fits	9	0	59086.05778734945	2459086.0577873494	2459086.0576137383	2459086.062922096	2459086.0636896947	-1	-83.81764935802067	-9.787817268	30	0.0176650139577688	0.1151320542874193	4.298951636169063	10	16	20	565.3106163282986	520.0198043461586	565.8106163282986	504.4801956538414	21.542883930598848	-2.9785826933466066	42049.496116333874	314.1592653589793	231.0815391976772	181.9682189340227	2047	133.84770322875983	18.51697127937337	383	4.298951636169063	6.0501640296738	6.145542872369858	5.954785186977743	36.5809442770873	0.9881583731981681
aligned_Sabine_V_30s_20200824_132410_out.fits	10	0	59086.05821633106	2459086.058216331	2459086.05804272	2459086.063351097	2459086.064118696	-1	-83.97247788470332	-9.787817268	30	0.0176650159179777	0.1151320670340816	4.295063408512339	10	16	20	566.6068141464125	519.2011836339062	567.1068141464125	505.2988163660938	21.542874839846412	-2.9785496962990186	42179.381522240175	314.15926535897927	230.8704442907861	182.6971904169525	2302	134.26114131646955	19.43765903307888	393	4.295063408512339	5.8805540583059255	5.867936962065933	5.893171154545919	45.79656673510111	0.9761772880926477
aligned_Sabine_V_30s_20200824_132535_out.fits	11	0	59086.059199988376	2459086.0591999884	2459086.0590263773	2459086.0643347995	2459086.065102398	-1	-84.3274949125846	-10.20308404	30	0.0176650204132459	0.115132096265486	4.345339872964591	10	16	20	567.1182118776334	519.791110786561	567.6182118776334	504.70888921343897	21.542860304102874	-2.978592888705147	40566.618669421136	314.1592653589794	227.4394195529319	178.36230302188264	2133	129.12755771524678	19.019370460048425	413	4.345339872964591	6.272615320925956	6.207989158959328	6.337241482892584	48.78849643224381	0.9755841472098395
aligned_Sabine_V_30s_20200824_132612_out.fits	12	0	59086.05963149294	2459086.059631493	2459086.059457882	2459086.0647663237	2459086.065533922	-1	-84.48322873972506	-10.20308404	30	0.0176650223854204	0.115132109089955	4.352800033959095	10	16	20	567.5491634842136	519.9346682797956	568.0491634842136	504.5653317202044	21.54285331413906	-2.978612902685008	40917.03913951714	314.159265358979	230.14386551791299	177.78896277525334	1878	130.24298071477423	19.45219638242894	387	4.352800033959095	6.213416403722107	6.245414397061976	6.181418410382238	43.23897282977713	0.9718925283180084
aligned_Sabine_V_30s_20200824_132649_out.fits	13	0	59086.060060312506	2459086.0600603125	2459086.0598867014	2459086.065195163	2459086.065962761	-1	-84.63799162660257	-10.20308404	30	0.0176650243454554	0.1151321218354834	4.883369874229153	10	16	20	567.9796022249435	519.8729156523856	568.4796022249435	504.6270843476144	21.542855379448238	-2.9785975829266693	40525.90466917955	314.15926535897916	227.31898873560988	178.2776920423239	1641	128.997961027417	19.5622009569378	418	4.883369874229153	6.406389177070869	6.244606025401746	6.568172328739992	55.543648879655194	0.9803189579840613
aligned_Sabine_V_30s_20200824_132727_out.fits	14	0	59086.060490543954	2459086.060490544	2459086.060316933	2459086.065625414	2459086.066393012	-1	-84.79326199659937	-10.20308404	30	0.0176650263120762	0.1151321346238366	4.39314699106603	10	16	20	568.5635332511333	519.3563792904195	569.0635332511333	505.14362070958055	21.542842831982682	-2.978610912696586	41032.67699021813	314.15926535897944	229.5532966637181	178.75010982886715	1868	130.61106742572576	18.805626598465473	391	4.39314699106603	6.143860525645867	6.066507881961076	6.2212131693306585	50.247258042263674	0.9808938786057094
aligned_Sabine_V_30s_20200824_132804_out.fits	15	0	59086.06092187483	2459086.060921875	2459086.0607482637	2459086.0660567647	2459086.0668243626	-1	-84.94892687318065	-9.787817268	30	0.0176650282838558	0.1151321474457346	4.335887754314931	10	16	20	568.9683197401574	519.0241741896529	569.4683197401574	505.47582581034715	21.542835470295586	-2.978674959199916	40973.24944240357	314.1592653589794	231.36634054354633	177.09252498071058	1985	130.4219036659154	17.986301369863014	365	4.335887754314931	6.142784015027139	5.940124875404277	6.345443154650001	60.17581928866501	0.9829859055588142
aligned_Sabine_V_30s_20200824_132841_out.fits	16	0	59086.06135469908	2459086.061354699	2459086.061181088	2459086.0664896085	2459086.067257207	-1	-85.10512819131077	-9.787817268	30	0.0176650302625961	0.1151321603128961	4.326055961905935	10	16	20	570.1446005016123	519.2540683482506	570.6446005016123	505.2459316517494	21.54282909787734	-2.978618498006393	41142.037278399665	314.1592653589794	229.28450092997815	179.43662616324926	2032	130.95917203456668	18.432569974554706	393	4.326055961905935	6.257092361543645	6.110908573118122	6.403276149969167	54.953695840192104	0.9811893887429982
aligned_Sabine_V_30s_20200824_132919_out.fits	17	0	59086.06178723369	2459086.0617872337	2459086.0616136226	2459086.0669221627	2459086.067689761	-1	-85.26122222208585	-9.787817268	30	0.0176650322401463	0.1151321731723182	3.983555831436984	10	16	20	570.3299194489775	519.7677287729122	570.8299194489775	504.73227122708784	21.542829023361552	-2.9786886643934043	41669.937420417235	314.1592653589794	228.19357928216576	182.6078435313535	2301	132.63953037578688	19.482185273159146	421	3.983555831436984	5.786162277258728	5.728975526263104	5.843349028254352	50.69740776657749	0.9899919662052583
aligned_Sabine_V_30s_20200824_132956_out.fits	18	0	59086.06221871544	2459086.0622187154	2459086.0620451043	2459086.0673536644	2459086.0681212624	-1	-85.41693326562944	-9.787817268	30	0.0176650342130165	0.1151321860013062	4.182747013282041	10	16	20	570.2333688349992	519.4499523756164	570.7333688349992	505.05004762438364	21.542820968293118	-2.97872677277048	41808.089780347706	314.15926535897927	230.2968471732566	181.5400006275149	2119	133.07928299544182	18.764705882352942	391	4.182747013282041	5.895552956799133	5.7547872851540935	6.036318628444173	58.86490406631421	0.989479450928143
aligned_Sabine_V_30s_20200824_133034_out.fits	19	0	59086.062649942	2459086.062649942	2459086.062476331	2459086.0677849106	2459086.068552509	-1	-85.57254887871665	-9.787817268	30	0.0176650361848532	0.1151321988235732	4.422877179762675	10	16	20	570.7171499074645	519.55756681697	571.2171499074645	504.94243318302995	21.54281381258554	-2.9786967078649904	41333.2667590584	314.15926535897944	224.8812075232914	183.80044830903637	2027	131.56787437680134	15.605080831408776	433	4.422877179762675	6.31022294430246	6.27338663427494	6.347059254329981	48.03435045499103	0.9878052832871244
aligned_Sabine_V_30s_20200824_133112_out.fits	20	0	59086.063091550954	2459086.063091551	2459086.06291794	2459086.0682265395	2459086.068994138	-1	-85.73190731192972	-10.20308404	30	0.0176650382043027	0.1151322119554515	4.069700509818342	10	16	20	571.5149980550073	519.3056390542806	572.0149980550073	505.1943609457194	21.542810180695007	-2.978669751580927	40901.36200616152	314.15926535897944	230.4600902393898	177.47698511996302	2110	130.19307884943288	17.35135135135135	370	4.069700509818342	6.15568158344499	6.134762549372156	6.176600617517823	46.51329268877583	0.9834299312289161
aligned_Sabine_V_30s_20200824_133212_out.fits	21	0	59086.06378906267	2459086.0637890627	2459086.0636154516	2459086.0689240834	2459086.0696916813	-1	-85.98360144298192	-9.787817268	30	0.0176650413942639	0.115132232698817	4.214445164890885	10	16	20	572.156382175679	518.8058161241054	572.656382175679	505.6941838758946	21.542788072217196	-2.9786211830759335	42207.11126848793	314.1592653589792	230.75345844756924	182.90998346218956	2250	134.34940784018988	16.410666666666668	375	4.214445164890885	6.2126082889761	6.290734891338216	6.134481686613984	39.32511954141913	0.9836720214621089
aligned_Sabine_V_30s_20200824_133250_out.fits	22	0	59086.06422667811	2459086.064226678	2459086.064053067	2459086.069361719	2459086.0701293168	-1	-86.14150662404649	-9.787817268	30	0.017665043395808	0.1151322457142597	4.085701483679871	10	16	20	572.8899427900836	519.3034838800309	573.3899427900836	505.19651611996915	21.542790333173063	-2.9786696501939147	40835.64982663757	314.1592653589791	228.55053299410892	178.67230188297196	2352	129.98391048558145	17.814720812182742	394	4.085701483679871	5.772655488396954	5.665932480909578	5.879378495884331	51.146104167013846	0.9698569768247192
aligned_Sabine_V_30s_20200824_133327_out.fits	23	0	59086.064657997806	2459086.064657998	2459086.0644843867	2459086.069793058	2459086.070560656	-1	-86.29713446645735	-9.787817268	30	0.0176650453686912	0.1151322585433286	4.524595368690986	10	16	20	573.734349125262	519.316653934301	574.234349125262	505.18334606569897	21.542781716376247	-2.978662954128343	41337.476510427245	314.15926535897955	229.0243314000832	180.49382027543047	1995	131.58127443159208	17.474489795918366	392	4.524595368690986	6.2431221353899	6.199061942859094	6.287182327920705	50.914365963363366	0.9952591779617433
aligned_Sabine_V_30s_20200824_133404_out.fits	24	0	59086.065091504715	2459086.0650915047	2459086.0649178936	2459086.0702265846	2459086.070994183	-1	-86.45354510335238	-9.787817268	30	0.0176650473517132	0.1151322714383264	3.9907180051265234	10	16	20	574.0641157336073	519.5063010529867	574.5641157336073	504.9936989470133	21.54277824448725	-2.9787071738534334	42615.151614897346	314.15926535897944	226.44773526673896	188.1897894218275	2270	135.64824060242952	15.983796296296296	432	3.9907180051265234	6.099876359317386	5.8684052704649226	6.331347448169849	62.44048779129299	0.9824384993178098
aligned_Sabine_V_30s_20200824_133442_out.fits	25	0	59086.06552296318	2459086.065522963	2459086.065349352	2459086.070658063	2459086.071425661	-1	-86.60920941677364	-9.787817268	30	0.0176650493254985	0.1151322842732605	4.107555574981626	10	16	20	574.172688797313	519.2112348987638	574.672688797313	505.2887651012362	21.542768364652577	-2.978677109353577	41380.11123327901	314.1592653589793	228.53352685153845	181.068011347677	2283	131.7169849693764	16.37851662404092	391	4.107555574981626	5.960769486284139	5.781481841256721	6.140057131311557	55.968235276907414	0.9741174340703425
aligned_Sabine_V_30s_20200824_133519_out.fits	26	0	59086.06595418975	2459086.0659541897	2459086.0657805786	2459086.071089309	2459086.071856907	-1	-86.76478180552249	-10.20308404	30	0.0176650512983564	0.1151322971021623	4.400134991750748	10	16	20	574.96571976008	519.0149189745349	575.46571976008	505.4850810254651	21.542764815826857	-2.9788013550360617	41906.86843179456	314.1592653589793	226.81830233661503	184.75964241016885	2027	133.39370520843616	16.14354066985646	418	4.400134991750748	6.211595483113534	6.034466410683028	6.38872455554404	56.84904071408589	0.9798973021211841
aligned_Sabine_V_30s_20200824_133556_out.fits	27	0	59086.06638315972	2459086.0663831597	2459086.0662095486	2459086.0715182987	2459086.0722858966	-1	-86.91953065820212	-9.787817268	30	0.0176650532610225	0.1151323098647901	5.035576374913058	10	16	20	575.1878253178872	519.2783888026757	575.6878253178872	505.22161119732425	21.542760696399075	-2.978623496870695	41927.14011830586	314.1592653589793	227.15284496355974	184.5767774778779	1590	133.45823199069784	16.8472553699284	419	5.035576374913058	6.762739564803891	6.5480619153998	6.977417214207982	59.833625216783524	0.9835801333094639
aligned_Sabine_V_30s_20200824_133633_out.fits	28	0	59086.066813367885	2459086.066813368	2459086.066639757	2459086.0719485264	2459086.0727161244	-1	-87.07471523303644	-10.20308404	30	0.0176650552294862	0.1151323226651171	4.540306905886331	10	16	20	576.2446131961005	518.7901131678218	576.7446131961005	505.7098868321782	21.542751236274302	-2.978637009009865	41955.277938610474	314.1592653589794	227.3145249803063	184.56927880981354	1867	133.547797454484	16.822541966426858	417	4.540306905886331	6.310445662043943	6.041277850671949	6.579613473415938	60.73077436467599	0.9733811649391358
aligned_Sabine_V_30s_20200824_133710_out.fits	29	0	59086.067246308085	2459086.067246308	2459086.067072697	2459086.0723814867	2459086.0731490846	-1	-87.2308723727482	-9.787817268	30	0.0176650572105846	0.1151323355476025	4.073334727859133	10	16	20	576.2400312422922	519.0738071151577	576.7400312422922	505.4261928848423	21.54274710683226	-2.978743680356057	41844.91699360471	314.15926535897916	230.7267543360063	181.36135583420963	2492	133.1965076560449	18.553246753246754	385	4.073334727859133	6.0174081397265855	5.8867287136845245	6.148087565768646	50.816109088383016	0.9536402416142613
aligned_Sabine_V_30s_20200824_133748_out.fits	30	0	59086.06767523149	2459086.0676752315	2459086.0675016204	2459086.0728104296	2459086.0735780275	-1	-87.3855656198341	-9.787817268	30	0.0176650591734349	0.1151323483114259	4.216143535648943	10	16	20	576.8545482787874	519.0745701258701	577.3545482787874	505.4254298741299	21.54273850419264	-2.978772504226884	41498.81682053985	314.1592653589792	229.59061588229463	180.75136329533282	2320	132.09483658908022	18.198979591836736	392	4.216143535648943	6.011187113940739	5.99276094756674	6.029613280314738	46.483694809901834	0.9859755523481001
aligned_Sabine_V_30s_20200824_133851_out.fits	31	0	59086.0684113428	2459086.068411343	2459086.0682377317	2459086.0735465745	2459086.0743141724	-1	-87.65100407751356	-10.20308404	30	0.0176650625423538	0.1151323702184871	3.96663833827391	10	16	20	577.9311466796007	518.6124215170541	578.4311466796007	505.88757848294586	21.542727249699695	-2.9786693135835236	42029.57483414864	314.1592653589792	225.82415744055828	186.11638059675576	2473	133.78429181810972	14.64218009478673	422	3.96663833827391	6.072806893965212	5.882798683914374	6.26281510401605	62.83000294774359	0.9885005466716749
aligned_Sabine_V_30s_20200824_133928_out.fits	32	0	59086.06884526601	2459086.068845266	2459086.068671655	2459086.073980517	2459086.074748115	-1	-87.80744228854326	-9.787817268	30	0.0176650645284475	0.1151323831334533	4.054897719443905	10	16	20	577.9089388116339	518.5806718895707	578.4089388116339	505.9193281104293	21.542720184198195	-2.97875715412826	42278.26040763338	314.15926535897927	225.4075690461135	187.56362346902452	2057	134.57588258402447	14.699074074074074	432	4.054897719443905	6.223987421981715	6.377898225517931	6.070076618445499	32.17627329997051	0.986959625936458
aligned_Sabine_V_30s_20200824_134006_out.fits	33	0	59086.06927645812	2459086.069276458	2459086.069102847	2459086.074411729	2459086.0751793273	-1	-87.96286517349296	-10.20308404	30	0.0176650665021745	0.1151323959680017	4.4851174322285186	10	16	20	579.034096373383	518.8545123062898	579.534096373383	505.64548769371015	21.542713305901895	-2.9787039879189527	41656.18697585507	314.15926535897955	224.73989277410308	185.3528826665665	2169	132.5957613513512	14.376744186046512	430	4.4851174322285186	6.155654166275976	5.961663402469226	6.349644930082727	61.090407644626595	0.9860227831798511
aligned_Sabine_V_30s_20200824_134043_out.fits	34	0	59086.0697101159	2459086.069710116	2459086.069536505	2459086.0748454067	2459086.0756130046	-1	-88.1191382520044	-9.787817268	30	0.0176650684873222	0.115132408876815	4.04096436165225	10	16	20	578.6510098438561	518.5858719835701	579.1510098438561	505.9141280164299	21.54271286760491	-2.9787599718622086	41688.83762253525	314.15926535897916	225.1918600537381	185.12586384155685	2418	132.69969158763732	13.470023980815348	417	4.04096436165225	6.22648400366444	6.081952604530867	6.371015402798013	67.50468037489593	0.9956955379583575
aligned_Sabine_V_30s_20200824_134120_out.fits	35	0	59086.07014008099	2459086.070140081	2459086.06996647	2459086.0752753913	2459086.0760429893	-1	-88.27403213438885	-9.787817268	30	0.017665070455699	0.1151324216765716	3.9836612968419463	10	16	20	579.4033995329262	518.7293374505263	579.9033995329262	505.77066254947374	21.542706651051468	-2.978798297149765	39891.15633003245	314.15926535897916	224.9085492876514	177.36611816837978	2354	126.97749431152437	15.007352941176471	408	3.9836612968419463	5.79429834000321	5.714908784457547	5.873687895548873	51.272536131436446	0.9840899291219365
aligned_Sabine_V_30s_20200824_134158_out.fits	36	0	59086.07057160884	2459086.070571609	2459086.0703979977	2459086.0757069387	2459086.0764745367	-1	-88.42942602174946	-9.787817268	30	0.0176650724313634	0.1151324345237162	3.9357008878393063	10	16	20	579.7003589640975	518.4378222320386	580.2003589640975	506.06217776796143	21.542701714672198	-2.9787842169412997	40826.53769758341	314.15926535897967	223.08860455473553	183.0059306662904	2284	129.95490567796	12.160377358490566	424	3.9357008878393063	6.225447889089976	6.040050501649625	6.410845276530326	62.376017686683504	0.9891014992777242
aligned_Sabine_V_30s_20200824_134235_out.fits	37	0	59086.07100173598	2459086.071001736	2459086.070828125	2459086.076137086	2459086.0769046834	-1	-88.5842321029831	-9.787817268	30	0.0176650744007477	0.1151324473300231	3.9241195103429947	10	16	20	580.830359458791	519.3253708213416	581.330359458791	505.1746291786584	21.542691832318038	-2.9787519204237904	40135.11651407111	314.15926535897904	222.80999195209293	180.13158280038306	2217	127.75404369567164	13.92824074074074	432	3.9241195103429947	6.034255959508657	5.862549597056908	6.205962321960406	59.34237019043709	0.9859648145834503
aligned_Sabine_V_30s_20200824_134312_out.fits	38	0	59086.07143244194	2459086.071432442	2459086.071258831	2459086.0765678114	2459086.0773354094	-1	-88.73913228232743	-10.20308404	30	0.0176650763729152	0.1151324601544268	4.34977142581224	10	16	20	580.6454485753759	518.8311414513344	581.1454485753759	505.66885854866564	21.54269029010676	-2.9787587066869405	39041.5283434343	314.15926535897916	221.74982447259367	176.06114654787243	2106	124.27304443439816	13.783720930232558	430	4.34977142581224	6.033541113150943	5.760466551263037	6.30661567503885	70.50050309807523	0.9864891404952634
aligned_Sabine_V_30s_20200824_134350_out.fits	39	0	59086.07186731463	2459086.0718673146	2459086.0716937035	2459086.0770027037	2459086.0777703016	-1	-88.89536611394499	-9.787817268	30	0.0176650783642967	0.1151324731037731	4.5115984664595175	10	16	20	581.1508397249405	518.9388645249022	581.6508397249405	505.5611354750978	21.542679056010993	-2.97879923156265	38464.83912540719	314.15926535897927	220.47582478838729	174.46284263739912	1978	122.43738564086183	13.54337899543379	438	4.5115984664595175	6.392346830951601	6.250307882147755	6.534385779755445	59.6421544736826	0.99175382178169
aligned_Sabine_V_30s_20200824_134427_out.fits	40	0	59086.07230186323	2459086.072301863	2459086.072128252	2459086.0774372723	2459086.07820487	-1	-89.05123653885482	-9.787817268	30	0.0176650803543295	0.1151324860443485	4.848921008391206	10	16	20	581.5183630086387	518.7923722700449	582.0183630086387	505.7076277299551	21.542679030173726	-2.9787659467703147	39130.73855879893	314.1592653589792	221.2140951730839	176.89080132159742	1635	124.5570093693896	12.411214953271028	428	4.848921008391206	6.463367710527791	6.18427156885875	6.742463852196833	63.24903632667438	0.978996283774492
aligned_Sabine_V_30s_20200824_134522_out.fits	41	0	59086.07293285895	2459086.072932859	2459086.072759248	2459086.078068297	2459086.0788358944	-1	-89.27680496541382	-9.787817268	30	0.0176650832442408	0.1151325048365581	3.649518838847942	10	16	20	582.1860030631915	518.4777282755919	582.6860030631915	506.02227172440814	21.54266700629739	-2.9788295415892034	37581.27861885136	314.1592653589792	220.59006008494364	170.3670537302531	2282	119.62492519807905	14.268065268065268	429	3.649518838847942	5.836798315605776	5.986394443783204	5.6872021874283485	32.8975579520567	0.9843896884846766
aligned_Sabine_V_30s_20200824_134559_out.fits	42	0	59086.07336306712	2459086.073363067	2459086.073189456	2459086.0784985246	2459086.0792661225	-1	-89.42958712891095	-9.787817268	30	0.0176650852147244	0.1151325176500095	4.056657812477006	10	16	20	583.2136244246223	518.289874650498	583.7136244246223	506.21012534950205	21.542661188539864	-2.9787305997957145	37575.40383056429	314.15926535897967	220.71517327752426	170.2438634942306	2036	119.60622516616878	14.627906976744185	430	4.056657812477006	6.029002704014339	5.832544598207499	6.225460809821177	73.02987057246601	0.9938421581436591
aligned_Sabine_V_30s_20200824_134636_out.fits	43	0	59086.073793298565	2459086.0737932986	2459086.0736196875	2459086.0789287756	2459086.0796963735	-1	-89.5805249623707	-10.20308404	30	0.0176650871854474	0.1151325304650165	3.9867213732033235	10	16	20	583.4221803994147	518.093716088328	583.9221803994147	506.40628391167195	21.542649090066586	-2.978849144215952	37908.52102283675	314.1592653589792	224.77488360881657	168.6510539532088	2422	120.66657012175007	16.32994923857868	394	3.9867213732033235	5.630678531505744	5.535720922179459	5.725636140832029	52.75977560475129	0.9841187244792976
aligned_Sabine_V_30s_20200824_134713_out.fits	44	0	59086.07422443293	2459086.074224433	2459086.074050822	2459086.0793599295	2459086.0801275275	-1	-89.72682084111216	-9.787817268	30	0.0176650891604394	0.1151325433077833	4.65393836650052	10	16	20	583.632173444995	518.9848987995417	584.132173444995	505.5151012004583	21.54264165651384	-2.9787989523037215	37244.402034969906	314.15926535897955	220.2511063602748	169.09972735413885	1655	118.55261372734604	14.90783410138249	434	4.65393836650052	6.449756219049439	6.1513843929940695	6.748128045104808	70.09928336297632	0.9855586690441672
aligned_Sabine_V_30s_20200824_134750_out.fits	45	0	59086.07465321757	2459086.0746532176	2459086.0744796065	2459086.0797887337	2459086.0805563317	-1	-89.85203130756503	-9.787817268	30	0.0176650911247996	0.1151325560814145	4.054963222009287	10	16	20	584.8234227592121	518.0716351986065	585.3234227592121	506.4283648013935	21.542641473286473	-2.978794580797536	32026.231027677903	314.15926535897944	219.2253006765112	146.08820664789872	1900	101.94265953315934	17	393	4.054963222009287	5.878620727732563	5.739618136604702	6.017623318860424	53.980465036898856	0.9765074764050212
aligned_Sabine_V_30s_20200824_134827_out.fits	46	0	59086.075082951225	2459086.075082951	2459086.07490934	2459086.080218487	2459086.080986085	-1	-89.86914942482463	-9.787817268	30	0.0176650930936398	0.1151325688841766	4.266408061408018	10	16	20	584.6975530856005	518.3428504836266	585.1975530856005	506.15714951637335	21.542636260147393	-2.9788155062083392	30547.110812602976	314.15926535897927	212.87563804251005	143.49744805698666	1563	97.23447366003296	14.420689655172414	435	4.266408061408018	6.281974369497745	6.229533309982344	6.334415429013147	50.1197125351832	0.9911799186459256
aligned_Sabine_V_30s_20200824_134904_out.fits	47	0	59086.0755129396	2459086.0755129396	2459086.0753393285	2459086.0806484954	2459086.081416093	-1	-89.75399574103642	-9.787817268	30	0.0176650950637796	0.1151325816953885	4.31057146750686	10	16	20	585.120596663873	518.2902980311288	585.620596663873	506.2097019688712	21.542623726720567	-2.9787290246776172	36711.37821499324	314.1592653589795	219.58696505869668	167.18377707520165	2033	116.85594621264583	14.081585081585082	429	4.31057146750686	6.175757879912604	5.92416137256765	6.427354387257559	62.82130677651821	0.9805142474363187
aligned_Sabine_V_30s_20200824_134941_out.fits	48	0	59086.075941574294	2459086.0759415743	2459086.075767963	2459086.0810771496	2459086.081844747	-1	-89.61046620830803	-9.787817268	30	0.0176650970278489	0.1151325944671258	4.055645343527292	10	16	20	586.450181650043	518.0354080445779	586.950181650043	506.46459195542207	21.542617538064167	-2.9787781298465412	36756.555577180705	314.1592653589794	219.5504441232499	167.41735924955148	1975	116.99975022280564	14.680459770114943	435	4.055645343527292	5.891224031448565	5.686827818950319	6.095620243946811	68.5384259023373	0.9910420264944084
aligned_Sabine_V_30s_20200824_135018_out.fits	49	0	59086.076369976625	2459086.0763699766	2459086.0761963655	2459086.0815055715	2459086.082273169	-1	-89.46078766693915	-10.20308404	30	0.0176650989909851	0.1151326072327949	3.964213655836634	10	16	20	586.5453436532922	518.1307202018357	587.0453436532922	506.36927979816426	21.542610697873656	-2.978903203229809	37242.0888803265	314.15926535897944	221.40613900141236	168.20711949675854	1867	118.54525072743338	13.31527093596059	406	3.964213655836634	6.404552090284773	6.074138573442042	6.734965607127505	72.35602900807932	0.9841060011654216
aligned_Sabine_V_30s_20200824_135056_out.fits	50	0	59086.07679789374	2459086.0767978937	2459086.0766242826	2459086.0819335077	2459086.0827011056	-1	-89.3090904635435	-9.787817268	30	0.0176651009520292	0.1151326199848589	3.7808954812648734	10	16	20	587.1636939097699	518.6533054668631	587.6636939097699	505.8466945331369	21.5426131352384	-2.9789093660780748	31904.668333258058	314.1592653589793	216.6874622408954	147.2381835262303	1952	101.55571345890962	15.821256038647343	414	3.7808954812648734	5.612559132249883	5.79667403593799	5.4284442285617756	17.51676891581028	0.9935936742984692
aligned_Sabine_V_30s_20200824_135133_out.fits	51	0	59086.077230266295	2459086.0772302663	2459086.077056655	2459086.0823659003	2459086.0831334977	-1	-89.15479235524333	-10.20308404	30	0.017665102933625	0.1151326328705631	4.430074154399703	10	16	20	587.3660867846199	518.1153084463808	587.8660867846199	506.3846915536192	21.542606505095254	-2.978811489670663	29918.191921321242	314.15926535897955	215.00012773396722	139.1542983562356	1458	95.23256265300563	15.421182266009852	406	4.430074154399703	6.303952004602598	6.318861162035159	6.289042847170037	43.982414726966994	0.9822596639077694
aligned_Sabine_V_30s_20200824_135402_out.fits	52	0	59086.078962048516	2459086.0789620485	2459086.0787884374	2459086.0840977617	2459086.084865359	-1	-88.53299778724602	-10.20308404	30	0.0176651108718561	0.1151326844904182	4.235667568571552	10	16	20	589.7692995111868	518.7220883760202	590.2692995111868	505.7779116239798	21.542580561107084	-2.9790323307406634	22573.714031417952	314.1592653589793	210.78870903921384	107.09166603045364	1303	71.85436344086087	16.98404255319149	376	4.235667568571552	6.1090954271050455	5.967534764038159	6.250656090171932	55.77575983360989	0.9841001111986194
aligned_Sabine_V_30s_20200824_135440_out.fits	53	0	59086.079390949104	2459086.079390949	2459086.079217338	2459086.084526682	2459086.0852942793	-1	-88.37860298542603	-9.787817268	30	0.0176651128382047	0.1151326972769714	4.218836883240014	10	16	20	589.5297572864275	518.4197830353249	590.0297572864275	506.08021696467506	21.542567357531865	-2.9789091802534324	26993.674866245176	314.1592653589795	212.2301684338383	127.1905642135902	1419	85.92353574356748	16.274509803921568	408	4.218836883240014	5.994063614106916	6.079622313466044	5.908504914747788	36.42549413606905	0.990629917898014
aligned_Sabine_V_30s_20200824_135517_out.fits	54	0	59086.079823611304	2459086.0798236113	2459086.07965	2459086.0849593636	2459086.085726961	-1	-88.22277792446198	-9.787817268	30	0.0176651148219325	0.1151327101765357	3.839373563444518	10	16	20	589.945648130928	518.3271765998352	590.445648130928	506.1728234001648	21.542568542307308	-2.9789696003448114	25969.380165352115	314.15926535897944	212.63258862219465	122.13264360664151	1557	82.66310444696819	17.07323232323232	396	3.839373563444518	6.171145150334775	5.8759214582839885	6.466368842385562	60.23409537194127	0.9645573068626381
aligned_Sabine_V_30s_20200824_135555_out.fits	55	0	59086.08025739575	2459086.0802573957	2459086.0800837846	2459086.0853931676	2459086.086160765	-1	-88.06649041960196	-9.787817268	30	0.0176651168109404	0.1151327231104347	3.962309303951992	10	16	20	590.7574011181357	518.610595017159	591.2574011181357	505.88940498284103	21.542559965488383	-2.978970529358723	23006.61028239423	314.1592653589793	209.68995035290723	109.71727659658563	1456	73.23231500463736	16.29639175257732	388	3.962309303951992	5.4891815470233745	5.6929769852651395	5.285386108781609	5.816240469594514	0.9942685712383533
aligned_Sabine_V_30s_20200824_135632_out.fits	56	0	59086.08069247706	2459086.080692477	2459086.080518866	2459086.085828269	2459086.0865958664	-1	-87.90969021414395	-10.20308404	30	0.0176651188060304	0.1151327360838826	3.9144655714426198	10	16	20	591.383709403939	517.77571051541	591.883709403939	506.72428948459003	21.542549276488476	-2.978951471463811	22310.405025496613	314.15926535897944	207.5569483132169	107.49052347709778	1322	71.01622484380096	17.35036496350365	411	3.9144655714426198	5.918376408261158	6.0426000723994076	5.794152744122908	29.30189563458561	0.9935124072840337
aligned_Sabine_V_30s_20200824_140031_out.fits	57	0	59086.08345266199	2459086.083452662	2459086.083279051	2459086.0885885796	2459086.089356177	-1	-86.9143283830137	-10.20308404	30	0.0176651314661775	0.1151328184088542	4.0635302446505595	10	16	20	594.6071639693498	518.3345584912481	595.1071639693498	506.1654415087519	21.542523365620283	-2.97902547046703	21560.09239580954	314.1592653589792	209.00806306357703	103.15435720415864	1229	68.62790556622149	17.88688946015424	389	4.0635302446505595	5.7368431737414705	5.627897134646826	5.845789212836115	68.77268890799961	0.9973519138714317
aligned_Sabine_V_30s_20200824_140109_out.fits	58	0	59086.08388650464	2459086.0838865046	2459086.0837128935	2459086.089022442	2459086.0897900397	-1	-86.75782133558448	-10.20308404	30	0.0176651334565816	0.1151328313518265	3.6007660945234483	10	16	20	595.0606650673479	518.1428163472522	595.5606650673479	506.35718365274784	21.542504832923225	-2.9790015460463724	22656.099019611444	314.15926535897927	208.9178738690222	108.44500089932626	1607	72.11660300301212	18.836585365853658	410	3.6007660945234483	5.489074870085121	5.409770750138377	5.568378990031864	49.449615757921755	0.9651255509836653
aligned_Sabine_V_30s_20200824_140146_out.fits	59	0	59086.08432366885	2459086.084323669	2459086.0841500578	2459086.0894596265	2459086.0902272235	-1	-86.60010637908363	-9.787817268	30	0.0176651354623611	0.1151328443947794	3.857000267855486	10	16	20	594.4983510813714	517.0545503335122	594.9983510813714	507.4454496664878	21.5425026419339	-2.9788890863979383	23535.15056014302	314.15926535897944	210.9897913394095	111.54639478401643	1343	74.914710961175	17.933503836317136	391	3.857000267855486	6.220874000590337	6.045070521055273	6.3966774801254	58.5520289707629	0.9846348748205308
aligned_Sabine_V_30s_20200824_140224_out.fits	60	0	59086.08475989569	2459086.0847598957	2459086.0845862846	2459086.089895873	2459086.0906634703	-1	-86.44272120648003	-9.787817268	30	0.0176651374639764	0.1151328574106533	3.8263733433762184	10	16	20	596.0910477430853	517.7293969762717	596.5910477430853	506.7706030237283	21.542494950883306	-2.9790596171556536	20524.02053012807	314.1592653589794	207.72755282684477	98.80259142722514	1391	65.32998638978847	19.127819548872182	399	3.8263733433762184	5.628260414947274	5.650882245595356	5.605638584299191	40.437318609313174	0.9974309455282956
aligned_Sabine_V_30s_20200824_140301_out.fits	61	0	59086.08519240748	2459086.0851924075	2459086.0850187964	2459086.0903284047	2459086.0910960017	-1	-86.28666914999883	-9.787817268	30	0.0176651394486801	0.1151328703165555	3.7596483291427014	10	16	20	596.3664509317911	517.4107031991284	596.8664509317911	507.0892968008716	21.542482347358188	-2.9789849289179657	20721.34672301599	314.15926535897944	207.59029133998047	99.818477007095	1357	65.95809516978082	19.419753086419753	405	3.7596483291427014	5.734024819544674	5.643237146198651	5.824812492890697	56.31832348068018	0.9932342916818612
aligned_Sabine_V_30s_20200824_140453_out.fits	62	0	59086.08648887742	2459086.0864888774	2459086.0863152663	2459086.0916249338	2459086.0923925308	-1	-85.81886234035647	-10.20308404	30	0.0176651453987061	0.1151329090076945	3.5200414008379437	10	16	20	597.5748882299906	517.3752880458588	598.0748882299906	507.12471195414116	21.542471317544322	-2.9790283957096597	24532.258179936533	314.15926535897944	213.32769668827996	114.99799866954788	1814	78.08860309086963	20.025575447570333	391	3.5200414008379437	5.3092416005363425	5.2875888634766	5.330894337596086	48.2332091848569	0.994754721468835
aligned_Sabine_V_30s_20200824_140530_out.fits	63	0	59086.086921157315	2459086.0869211573	2459086.086747546	2459086.092057233	2459086.0928248307	-1	-85.66287268168912	-9.787817268	30	0.0176651473828817	0.1151329219101607	3.755817606550266	10	16	20	598.7410096417133	517.5068206202421	599.2410096417133	506.99317937975786	21.542465405982043	-2.978982084355161	28912.58128948088	314.1592653589792	215.5450121305465	134.13709277563683	1869	92.03160459534259	18.433823529411764	408	3.755817606550266	5.780676790402129	5.697588304686708	5.863765276117549	61.636405186484325	0.997255571595695
aligned_Sabine_V_30s_20200824_140608_out.fits	64	0	59086.08735267352	2459086.0873526735	2459086.0871790624	2459086.092488769	2459086.0932563664	-1	-85.50715464990316	-9.787817268	30	0.0176651493636858	0.1151329347907015	3.679822531782622	10	16	20	599.2103140815292	517.4410881692105	599.7103140815292	507.0589118307895	21.542459061240006	-2.9790579021966885	25134.041913850724	314.1592653589793	213.6986049991935	117.61444073977732	1580	80.00414020936448	18.968992248062015	387	3.679822531782622	5.817812902669343	5.754880986202715	5.880744819135971	49.583865299013	0.9815663289488581
aligned_Sabine_V_30s_20200824_140646_out.fits	65	0	59086.087785196956	2459086.087785197	2459086.087611586	2459086.0929213124	2459086.0936889094	-1	-85.35106958526035	-9.787817268	30	0.0176651513492474	0.1151329477021786	3.698396332084463	10	16	20	599.4469305745554	518.0143737166325	599.9469305745554	506.48562628336754	21.54244843037989	-2.9789469725902245	28520.575955587217	314.1592653589794	216.4199005185227	131.78351846227852	1712	90.78381286319123	18.593908629441625	394	3.698396332084463	5.944442488057636	5.756050423397671	6.1328345527176	56.833441033781554	0.9751173667636834
aligned_Sabine_V_30s_20200824_140723_out.fits	66	0	59086.08822290506	2459086.088222905	2459086.088049294	2459086.0933590406	2459086.0941266376	-1	-85.19311024714705	-10.20308404	30	0.0176651533587466	0.1151329607693139	3.6751382806695823	10	16	20	599.6566329605572	517.7929694326463	600.1566329605572	506.70703056735374	21.542447595108886	-2.9789908272083827	31189.273471630564	314.1592653589793	217.00020585483583	143.72923448973546	2258	99.27854088909847	18.33412887828162	419	3.6751382806695823	5.387031105612054	5.163587053085987	5.6104751581381205	63.63137175545889	0.9812923671534501
aligned_Sabine_V_30s_20200824_140801_out.fits	67	0	59086.088660821784	2459086.088660822	2459086.0884872107	2459086.0937969773	2459086.0945645743	-1	-85.0350726391066	-10.20308404	30	0.0176651553693411	0.1151329738435708	3.5566360777912482	10	16	20	600.5924967325642	517.4291629011581	601.0924967325642	507.07083709884193	21.542431112858306	-2.9789897125405123	22496.846571118185	314.1592653589792	210.5060666250293	106.87030037567239	1595	71.60968671546834	19.125	392	3.5566360777912482	5.4642975329441015	5.284455280676905	5.644139785211298	69.46142300857902	0.9923916089679862
aligned_Sabine_V_30s_20200824_140954_out.fits	68	0	59086.089962812606	2459086.0899628126	2459086.0897892015	2459086.0950990273	2459086.0958666243	-1	-84.56518850287267	-9.787817268	30	0.0176651613479469	0.11513301272054	4.117717342503253	10	16	20	601.2693887387104	517.199485783424	601.7693887387104	507.30051421657595	21.54241025257345	-2.978969680832067	23595.4333504531	314.1592653589794	212.31430811868853	111.1344476005014	1267	75.10659704239943	19.392764857881136	387	4.117717342503253	6.10002467574607	5.928261420818725	6.271787930673416	68.83309094430032	0.9942056412001063
aligned_Sabine_V_30s_20200824_143830_out.fits	69	0	59086.10982420156	2459086.1098242016	2459086.1096505905	2459086.1149613215	2459086.115728918	-1	-77.39621214728072	-10.20308404	30	0.0176652527001963	0.1151336067544374	3.6058481430058813	10	16	20	624.7551229508197	516.0486520756381	625.2551229508197	508.4513479243619	21.54214484112402	-2.9793001258251843	31664.57383575935	314.15926535897944	226.8808092451075	139.56479589929077	2350	100.79146893718791	24.01416430594901	353	3.6058481430058813	5.591407515252609	5.227088488968404	5.955726541536814	82.95292747626962	0.9821001029945275
aligned_Sabine_V_30s_20200824_143909_out.fits	70	0	59086.11026898166	2459086.1102689817	2459086.1100953706	2459086.115406122	2459086.116173718	-1	-77.23565966812032	-10.20308404	30	0.0176652547491994	0.1151336200784227	3.9795254362760573	10	16	20	625.0303823120198	515.8694625679966	625.5303823120198	508.6305374320034	21.542126477352053	-2.9792025081290294	30799.047249220326	314.15926535897916	223.82875049723359	137.6009434927395	1789	98.03641224468518	24.674603174603174	378	3.9795254362760573	5.598373647967967	5.408575952548747	5.788171343387186	89.81956465581307	0.9954129066881295
aligned_Sabine_V_30s_20200824_143947_out.fits	71	0	59086.11071781255	2459086.1107178126	2459086.1105442015	2459086.1158549734	2459086.1166225695	-1	-77.07364480777278	-9.787817268	30	0.0176652568170076	0.1151336335246905	3.974905465805625	10	16	20	625.1676040976902	515.4681456018759	625.6676040976902	509.0318543981241	21.542122622743275	-2.9792808011806557	30559.570170161198	314.15926535897944	223.75427735540532	136.5764736717019	1658	97.27413302689571	23.61891891891892	370	3.974905465805625	5.621420653169136	5.557979370088521	5.684861936249751	55.73061952650162	0.9961950981676585
aligned_Sabine_V_30s_20200824_144025_out.fits	72	0	59086.11115519656	2459086.1111551966	2459086.1109815855	2459086.1162923775	2459086.1170599735	-1	-76.91576178426538	-9.787817268	30	0.0176652588322181	0.1151336466289319	3.549505632375348	10	16	20	625.4795112654006	516.0663187195546	625.9795112654006	508.4336812804454	21.542118057711864	-2.979329928591642	24091.06565555849	314.1592653589793	218.33998734499764	110.33739604231243	1625	76.68424366867052	25.168937329700274	367	3.549505632375348	5.443676050445352	5.264167594138814	5.6231845067518895	64.91878536309184	0.9894242952432373
aligned_Sabine_V_30s_20200824_144108_out.fits	73	0	59086.11159488419	2459086.111594884	2459086.111421273	2459086.116732085	2459086.117499681	-1	-76.7570470693351	-9.787817268	30	0.0176652608581808	0.115133659803091	4.03791588020483	10	16	20	626.551054752311	515.6557690864049	627.051054752311	508.8442309135951	21.542107815572933	-2.979220860629551	23323.632641538723	314.1592653589794	217.30529301147976	107.33117596130798	1427	74.24142851520735	26.664021164021165	378	4.03791588020483	5.708600246171895	5.418160037489596	5.999040454854194	72.08555981188216	0.9843297972679461
aligned_Sabine_V_30s_20200824_144201_out.fits	74	0	59086.112281087786	2459086.112281088	2459086.1121074767	2459086.11741832	2459086.118185916	-1	-76.50934682590315	-10.20308404	30	0.0176652640203003	0.1151336803652974	4.059279823560057	10	16	20	627.5455736306586	516.01556750184	628.0455736306586	508.48443249816	21.542107686399106	-2.979338565824311	23556.75075313297	314.1592653589794	221.5872435435587	106.30914657549896	1342	74.98346651089679	26.55425219941349	341	4.059279823560057	5.866342087529022	5.4729300315071745	6.25975414355087	85.08631895884528	0.9816361981227818
aligned_Sabine_V_30s_20200824_144239_out.fits	75	0	59086.11271251179	2459086.112712512	2459086.1125389007	2459086.1178497635	2459086.1186173595	-1	-76.35361469416398	-10.20308404	30	0.0176652660085339	0.1151336932941155	4.1412141326265575	10	16	20	627.4934115514477	515.5837373427431	627.9934115514477	508.9162626572569	21.542096274900427	-2.9792641155458885	31406.766371276255	314.1592653589794	226.64602069298394	138.5718852475246	1735	99.97084229041847	24.963687150837988	358	4.1412141326265575	5.527609494018682	5.409775885540955	5.64544310249641	77.9206817477615	0.9978185593065361
aligned_Sabine_V_30s_20200824_144317_out.fits	76	0	59086.11314748833	2459086.1131474883	2459086.112973877	2459086.11828476	2459086.119052356	-1	-76.19660006933105	-9.787817268	30	0.0176652680132748	0.1151337063302744	3.820144240777158	10	16	20	627.9879450831565	515.0156021178326	628.4879450831565	509.4843978821674	21.54208126078542	-2.9792845825626153	29707.734489674123	314.1592653589793	223.2881499267386	133.0466238330216	1970	94.56265584186443	25.480106100795755	377	3.820144240777158	5.720875261046302	5.5474423579414385	5.894308164151167	279.8117581691546	0.9958640777917177
aligned_Sabine_V_30s_20200824_144354_out.fits	77	0	59086.11358512752	2459086.1135851275	2459086.1134115164	2459086.1187224193	2459086.119490015	-1	-76.03862417488955	-9.787817268	30	0.0176652700304245	0.1151337194471235	3.9617186320577615	10	16	20	628.5179571150097	515.8723603102009	629.0179571150097	508.62763968979914	21.542081453466484	-2.979304274163451	29940.936875148236	314.1592653589793	226.04366673479575	132.45642891767565	1856	95.30496208964496	25.88169014084507	355	3.9617186320577615	5.51459138268771	5.29539310251865	5.73378966285677	270.29540356518186	0.9936993911187443
aligned_Sabine_V_30s_20200824_144432_out.fits	78	0	59086.11401982652	2459086.1140198265	2459086.1138462154	2459086.119157138	2459086.119924734	-1	-75.88170948739753	-10.20308404	30	0.0176652720341587	0.1151337324767346	3.7495557759697657	10	16	20	629.0186455520688	515.5779273216689	629.5186455520688	508.9220726783311	21.54207501037685	-2.979276520585582	32550.49812693432	314.15926535897944	229.70082779030017	141.7082317032419	2078	103.61145354010151	25.965317919075144	346	3.7495557759697657	5.750777650896746	5.597370696291312	5.904184605502179	73.35456394982675	0.9959320481676436
aligned_Sabine_V_30s_20200824_144510_out.fits	79	0	59086.11445592577	2459086.1144559258	2459086.1142823147	2459086.119593257	2459086.1203608527	-1	-75.7242892330139	-9.787817268	30	0.0176652740444836	0.1151337455492026	3.4693346573557937	10	16	20	629.4538940703928	515.1442473390775	629.9538940703928	509.35575266092246	21.542069333839702	-2.979388451571646	32718.948865006172	314.1592653589793	228.77492941083923	143.01806998374695	2157	104.14764889273381	25.43626062322946	353	3.4693346573557937	5.461070199892997	5.45091041402257	5.471229985763423	46.331368729914324	0.9935853667824833
aligned_Sabine_V_30s_20200824_144547_out.fits	80	0	59086.11488944432	2459086.1148894443	2459086.114715833	2459086.120026795	2459086.1207943913	-1	-75.56780042907997	-10.20308404	30	0.0176652760430474	0.1151337585451915	4.3001799265524046	10	16	20	630.1227023606617	515.7570907703396	630.6227023606617	508.7429092296604	21.5420616759523	-2.9793836241938934	23571.957774580853	314.1592653589794	216.89933651880852	108.67694734758582	1244	75.0318719635595	26.386422976501304	383	4.3001799265524046	5.884563653592013	5.673946011935368	6.095181295248659	295.21665813500954	0.9874031184841126
aligned_Sabine_V_30s_20200824_144702_out.fits	81	0	59086.115753668826	2459086.115753669	2459086.1155800577	2459086.1208910593	2459086.121658655	-1	-75.25583777502027	-9.787817268	30	0.0176652800276113	0.1151337844554709	3.91572216525443	10	16	20	630.6524068855762	514.9354249356613	631.1524068855762	509.56457506433867	21.54205019235594	-2.9793018116296235	33299.95842812498	314.1592653589795	226.80181290851857	146.82403990111249	1963	105.99705977181416	24.611260053619304	373	3.91572216525443	6.074116126832327	5.91283431426383	6.235397939400824	276.75947753290234	0.9970210827022875
aligned_Sabine_V_30s_20200824_144740_out.fits	82	0	59086.11619101837	2459086.1161910184	2459086.1160174073	2459086.121328429	2459086.1220960245	-1	-75.09796576611382	-9.787817268	30	0.0176652820442446	0.1151337975689581	3.7900367041906837	10	16	20	631.9778450661771	515.3336941621366	632.4778450661771	509.16630583786343	21.542044376869303	-2.9794168827127243	25552.5037868004	314.1592653589793	219.19106997921259	116.57639058572835	1544	81.33614572087315	26.271052631578947	380	3.7900367041906837	5.505254042329002	5.340798973960727	5.669709110697278	72.55099288178974	0.9947031768281261
aligned_Sabine_V_30s_20200824_144824_out.fits	83	0	59086.11670533568	2459086.1167053357	2459086.1165317246	2459086.1218427694	2459086.122610365	-1	-74.91231023646816	-10.20308404	30	0.0176652844159545	0.1151338129913883	4.088517742580688	10	16	20	632.2723757720727	514.9402794101711	632.7723757720727	509.5597205898289	21.542034606422327	-2.979331091468855	29044.423601958635	314.1592653589794	223.4301807471011	129.99328696257822	1649	92.45127171013254	26.704787234042552	376	4.088517742580688	5.740770710737187	5.547436020815956	5.934105400658417	271.8770346488787	0.9954540951164241
aligned_Sabine_V_30s_20200824_144902_out.fits	84	0	59086.117140555754	2459086.1171405558	2459086.1169669447	2459086.122278009	2459086.123045605	-1	-74.75520669950623	-9.787817268	30	0.0176652864230659	0.1151338260429563	3.83418496545446	10	16	20	632.1518066825389	514.6558793320522	632.6518066825389	509.8441206679478	21.54203080558466	-2.9793731657218103	29063.2905430224	314.1592653589794	224.012403653204	129.73964864916852	1772	92.51132704875897	26.805929919137466	371	3.83418496545446	5.6953078534544215	5.506079568800103	5.88453613810874	71.15167591095192	0.9929627707062113
aligned_Sabine_V_30s_20200824_144939_out.fits	85	0	59086.11758010415	2459086.117580104	2459086.117406493	2459086.1227175775	2459086.1234851736	-1	-74.59654065323826	-9.787817268	30	0.0176652884502763	0.1151338392252213	4.170156621960205	10	16	20	632.9317665126448	514.8146731380937	633.4317665126448	509.68532686190633	21.54202605058392	-2.979447971514702	34452.90691478605	314.1592653589794	224.0170862401735	153.79588893433043	2145	109.6670087874628	18.645502645502646	378	4.170156621960205	5.355614294219183	5.105493274737923	5.6057353137004435	87.54636602439732	0.9912493755150731
aligned_Sabine_V_30s_20200824_145017_out.fits	86	0	59086.11801141221	2459086.118011412	2459086.117837801	2459086.1231489056	2459086.123916501	-1	-74.44084907689796	-9.787817268	30	0.0176652904396169	0.115133852161231	4.483970168876037	10	16	20	633.2869536295352	515.6931227090242	633.7869536295352	508.80687729097576	21.54201862782435	-2.9793406700824874	34929.37178840556	314.1592653589793	222.9214131653971	156.68917262106905	1594	111.18364358438681	15.632978723404255	376	4.483970168876037	6.048485762796586	5.618733840303332	6.478237685289842	78.14525909348737	0.9761537193505371
aligned_Sabine_V_30s_20200824_145055_out.fits	87	0	59086.118448588066	2459086.118448588	2459086.118274977	2459086.123586101	2459086.124353697	-1	-74.28303928315142	-10.20308404	30	0.0176652924561581	0.1151338652741167	3.7878702699600746	10	16	20	633.9296882731321	515.0812722292629	634.4296882731321	509.41872777073706	21.542011641196286	-2.979325668867853	34798.641380302935	314.15926535897927	223.10620423474995	155.97343650599774	2265	110.76751577114777	17.72020725388601	386	3.7878702699600746	5.332832359636922	5.170689615981377	5.494975103292466	82.26807203617736	0.9960265864129257
aligned_Sabine_V_30s_20200824_145132_out.fits	88	0	59086.11888440978	2459086.11888441	2459086.1187107987	2459086.1240219427	2459086.1247895383	-1	-74.12571821731086	-10.20308404	30	0.0176652944665898	0.1151338783472736	3.7265452068104743	10	16	20	634.4869495696352	515.3155467160168	634.9869495696352	509.1844532839832	21.54200314996531	-2.9793188177432532	34556.6867626698	314.1592653589791	229.2388835237149	150.74531088045057	2059	109.99735030314338	20.903225806451612	341	3.7265452068104743	5.527289803728209	5.261881914712886	5.792697692743532	70.07387366475093	0.984423125184016
aligned_Sabine_V_30s_20200824_145210_out.fits	89	0	59086.119321608916	2459086.119321609	2459086.119147998	2459086.124459162	2459086.1252267575	-1	-73.9678998516884	-9.787817268	30	0.0176652964835126	0.1151338914626392	3.628460454510657	10	16	20	635.4356640055727	515.023903890725	635.9356640055727	509.476096109275	21.5419984962215	-2.9794763390948193	34568.20066217963	314.1592653589793	223.2203370816216	154.86134065615894	2208	110.03400018356835	17.394736842105264	380	3.628460454510657	5.41795974050662	5.391143786827318	5.444775694185922	50.82165171172661	0.9975943472282739
aligned_Sabine_V_30s_20200824_145247_out.fits	90	0	59086.11975517357	2459086.1197551736	2459086.1195815625	2459086.124892746	2459086.1256603417	-1	-73.81139336904994	-10.20308404	30	0.0176652984838041	0.1151339044698565	3.4290339701605057	10	16	20	635.889468954598	514.9805265573018	636.389468954598	509.5194734426982	21.54199152916863	-2.979392587948757	32827.1030210553	314.15926535897944	223.91214388139664	146.60706852256925	2133	104.4919142637568	24.74	400	3.4290339701605057	5.381862928519712	5.31905290799181	5.444672949047614	50.90720111160134	0.987006684199077
aligned_Sabine_V_30s_20200824_145325_out.fits	91	0	59086.12018885417	2459086.120188854	2459086.120015243	2459086.1253264467	2459086.1260940423	-1	-73.65484495481758	-9.787817268	30	0.0176653004847656	0.1151339174814301	3.95792317965454	10	16	20	636.1234336531528	514.6849031125515	636.6234336531528	509.8150968874485	21.541984873439233	-2.9794688777139884	35992.79610741076	314.1592653589795	231.76764808644242	155.29689499194694	2215	114.56862832386297	26.308333333333334	360	3.95792317965454	5.58667868918357	5.39422228395582	5.779135094411321	88.23784814557999	0.995246304282267
aligned_Sabine_V_30s_20200824_145403_out.fits	92	0	59086.12062585633	2459086.1206258563	2459086.120452245	2459086.1257634684	2459086.1265310645	-1	-73.49709746025547	-9.787817268	30	0.017665302501189	0.1151339305935474	3.702003227332542	10	16	20	636.1375594589567	515.0357754468586	636.6375594589567	509.46422455314143	21.541980927741772	-2.9794636581336547	35729.64738262382	314.15926535897927	231.55687294697114	154.3018219580391	2239	113.73099991749964	27.10989010989011	364	3.702003227332542	5.618403534818331	5.530552344417733	5.706254725218929	277.57529722919446	0.9989508333492502
aligned_Sabine_V_30s_20200824_145448_out.fits	93	0	59086.12115336815	2459086.121153368	2459086.120979757	2459086.1262910045	2459086.1270586	-1	-73.30667801385914	-9.787817268	30	0.0176653049354266	0.115133946422567	4.087227684316437	10	16	20	636.635531491874	514.6323519204437	637.135531491874	509.86764807955626	21.541969655456004	-2.9793035753905697	38917.67655845439	314.1592653589791	231.63266863495926	168.01462759031875	2233	123.87881195859204	24.48421052631579	380	4.087227684316437	5.644138159644729	5.389796012330653	5.898480306958804	274.1145419116866	0.9917409716306532
aligned_Sabine_V_30s_20200824_145525_out.fits	94	0	59086.121584918816	2459086.121584919	2459086.1214113077	2459086.1267225747	2459086.1274901703	-1	-73.15089822451733	-10.20308404	30	0.0176653069269938	0.1151339593730513	3.7076799702363963	10	16	20	637.2718302175251	515.236444784822	637.7718302175251	509.26355521517803	21.541966275341142	-2.9794232350798664	37188.400307329546	314.1592653589792	231.1150042466315	160.9086369297097	2435	118.37435469183318	26.076923076923077	377	3.7076799702363963	5.570114100991576	5.48404218976577	5.656186012217383	67.7186408390934	0.9981193906805123
aligned_Sabine_V_30s_20200824_145603_out.fits	95	0	59086.12201622687	2459086.122016227	2459086.121842616	2459086.1271539023	2459086.127921498	-1	-72.99520594442822	-9.787817268	30	0.0176653089175751	0.1151339723171238	3.8377539469140647	10	16	20	638.1415934781695	515.2128021642377	638.6415934781695	509.2871978357623	21.54196154866742	-2.9794182483889338	38506.59416748382	314.15926535897955	230.15097470616143	167.3101502900259	2450	122.57029606777182	27.234146341463415	410	3.8377539469140647	5.514330507993571	5.298894979651183	5.729766036335959	87.3627198139848	0.9938613896863071
aligned_Sabine_V_30s_20200824_145641_out.fits	96	0	59086.1224479978	2459086.122447998	2459086.1222743867	2459086.1275856933	2459086.128353289	-1	-72.83934651446975	-9.787817268	30	0.0176653109104265	0.1151339852759573	4.018205106414649	10	16	20	638.554603641568	514.3972394815661	639.054603641568	510.1027605184339	21.54195352222598	-2.979447476845748	36417.89748591872	314.1592653589793	231.75479907287468	157.13977717659782	2188	115.92176803795745	28.202666666666666	375	4.018205106414649	5.754623020438821	5.638813435763465	5.870432605114176	281.85077638509455	0.998069352785799
aligned_Sabine_V_30s_20200824_145719_out.fits	97	0	59086.12288712943	2459086.1228871294	2459086.1227135183	2459086.128024845	2459086.1287924405	-1	-72.68082997194352	-9.787817268	30	0.0176653129373888	0.115133998456602	4.036992587714279	10	16	20	639.4343525179856	514.4365759292524	639.9343525179856	510.0634240707476	21.541940296749292	-2.9794134228008726	29338.03118687457	314.1592653589796	224.97979484050094	130.402959997691	1599	93.38585367950537	29.018567639257295	377	4.036992587714279	5.834422442346895	5.659672853823336	6.009172030870454	279.6285076022541	0.9959808985320927
aligned_Sabine_V_30s_20200824_145756_out.fits	98	0	59086.123326886445	2459086.1233268864	2459086.1231532753	2459086.128464622	2459086.1292322176	-1	-72.52208761610211	-10.20308404	30	0.0176653149673766	0.1151340116569198	3.835172361627565	10	16	20	639.4314084507042	514.9850492225596	639.9314084507042	509.5149507774404	21.5419406158289	-2.9794600092715613	35968.56453970852	314.15926535897955	228.8788379864598	157.15111478255744	2142	114.49149684828939	28.424317617866006	403	3.835172361627565	5.543547074396534	5.516498626997986	5.570595521795082	61.098971788501515	0.9996646137517592
aligned_Sabine_V_30s_20200824_145834_out.fits	99	0	59086.123760879505	2459086.1237608795	2459086.1235872684	2459086.1288986346	2459086.12966623	-1	-72.36542585673948	-10.20308404	30	0.0176653169708932	0.1151340246851044	3.8226126277363273	10	16	20	640.2511216324448	514.3169410638493	640.7511216324448	510.1830589361507	21.54193031342125	-2.979398267348591	33874.779629619574	314.1592653589793	229.01786642375873	147.9132617843013	2065	107.82677248405197	27.97340425531915	376	3.8226126277363273	5.595514392204574	5.705774258646567	5.485254525762581	23.894354235756843	0.9965619545112387
aligned_Sabine_V_30s_20200824_145911_out.fits	100	0	59086.12420057878	2459086.124200579	2459086.1240269677	2459086.129338354	2459086.1301059495	-1	-72.20670422187658	-9.787817268	30	0.0176653190008904	0.1151340378854826	4.0948659157871665	10	16	20	640.6882159864056	514.8921458953913	641.1882159864056	509.6078541046087	21.54193000530476	-2.9794768268199863	37726.905198401386	314.1592653589794	230.06734448921372	163.9820083209164	1992	120.08846899769803	26.1873417721519	395	4.0948659157871665	5.887189910114625	5.808020814297402	5.9663590059318485	70.27288065877737	0.9987871287660274
aligned_Sabine_V_30s_20200824_145951_out.fits	101	0	59086.124634374864	2459086.124634375	2459086.1244607638	2459086.12977217	2459086.130539765	-1	-72.05011344825789	-9.787817268	30	0.01766532100377	0.1151340509095233	3.651136527508209	10	16	20	641.4474481495088	515.0936251519889	641.9474481495088	509.40637484801107	21.541926862220183	-2.9795078422164245	33621.036100567486	314.1592653589792	225.66803193876854	148.9844875754933	2062	107.01908174552757	24.385012919896642	387	3.651136527508209	5.827211129663983	5.720444626525162	5.9339776328028035	79.39145010037663	0.9984558693735188
aligned_Sabine_V_30s_20200824_150028_out.fits	102	0	59086.12508785864	2459086.1250878586	2459086.1249142475	2459086.1302256742	2459086.13099327	-1	-71.88641579352827	-9.787817268	30	0.0176653230976941	0.1151340645255951	3.469927738117675	10	16	20	641.4304768175759	514.8853673133509	641.9304768175759	509.6146326866491	21.541914824148822	-2.9794765027481005	33602.309360603875	314.1592653589793	227.95848820885817	147.4053878170005	2456	106.95947268086343	28.269430051813472	386	3.469927738117675	5.419944932969129	5.226201827836033	5.613688038102224	75.32015112295397	0.9932884922503049
aligned_Sabine_V_30s_20200824_150116_out.fits	103	0	59086.12561680563	2459086.1256168056	2459086.1254431945	2459086.1307546454	2459086.1315222406	-1	-71.69547750855685	-10.20308404	30	0.01766532554025	0.1151340804086996	3.616227344938733	10	16	20	642.0070898041863	515.1309446115431	642.5070898041863	509.3690553884569	21.54190738783076	-2.9794705631544054	32909.68564739158	314.1592653589792	226.40599148059854	145.3569555830934	2242	104.75478292765548	27.570332480818415	391	3.616227344938733	5.406330332840241	5.383742662395845	5.428918003284637	54.27726780476936	0.9993104548837634
aligned_Sabine_V_30s_20200824_150156_out.fits	104	0	59086.12607909739	2459086.1260790974	2459086.1259054863	2459086.131216958	2459086.1319845538	-1	-71.52860023546629	-10.20308404	30	0.017665327675172	0.1151340942913653	3.3290750972494654	10	16	20	642.4732028923862	514.0502093217974	642.9732028923862	510.4497906782026	21.54190133645884	-2.9795593263659232	33227.59458871353	314.1592653589793	228.8556503453942	145.1901866463235	2425	105.76671851694543	27.065573770491802	366	3.3290750972494654	5.245506294387592	5.116929848834522	5.374082739940664	79.89550344397	0.9972743231785823
aligned_Sabine_V_30s_20200824_150233_out.fits	105	0	59086.126535763964	2459086.126535764	2459086.126362153	2459086.1316736457	2459086.132441241	-1	-71.3637534755685	-9.787817268	30	0.0176653297842669	0.1151341080060858	3.3655673024743047	10	16	20	643.1636325079116	514.1654704177142	643.6636325079116	510.33452958228577	21.54189269729835	-2.979465913786591	35223.273280608955	314.15926535897927	230.18541128459805	153.0213104472524	2459	112.11916108971194	27.509333333333334	375	3.3655673024743047	5.356336781479216	5.329361946576473	5.383311616381959	55.86576077200317	0.9992600349462412
aligned_Sabine_V_30s_20200824_150311_out.fits	106	0	59086.126967835706	2459086.1269678357	2459086.1267942246	2459086.132105737	2459086.132873332	-1	-71.20778486712572	-9.787817268	30	0.0176653317799096	0.1151341209830648	3.442709122427925	10	16	20	643.7627171124414	514.4126406900386	644.2627171124414	510.08735930996136	21.54189308023168	-2.9795956528997802	31835.159004934576	314.1592653589793	227.36343412931595	140.01881668812194	2288	101.33445839503604	27.589189189189188	370	3.442709122427925	5.522963645555695	5.438598191937333	5.607329099174057	273.0250422753666	0.9990566047108744
aligned_Sabine_V_30s_20200824_150349_out.fits	107	0	59086.12740892358	2459086.1274089236	2459086.1272353125	2459086.132546845	2459086.1333144405	-1	-71.04856157815277	-10.20308404	30	0.0176653338173342	0.1151341342317363	3.8741823489818175	10	16	20	643.6329680688111	514.6502796090699	644.1329680688111	509.8497203909301	21.541881696941996	-2.9795419115192097	32394.386829492632	314.15926535897927	230.12735616969843	140.7672141577321	2193	103.1145358468949	27.138328530259365	347	3.8741823489818175	5.619322789607741	5.581551500659201	5.657094078556281	54.67311361356529	0.9983533659886937
aligned_Sabine_V_30s_20200824_150426_out.fits	108	0	59086.127843842376	2459086.1278438424	2459086.1276702313	2459086.1329817837	2459086.133749379	-1	-70.891565147069	-9.787817268	30	0.0176653358264	0.1151341472960006	3.9789748100902256	10	16	20	644.7343715614501	514.862350907777	645.2343715614501	509.637649092223	21.541882298009128	-2.9795477545417124	32584.7490499821	314.15926535897944	226.18733801554686	144.06088924280283	1996	103.7204776142718	27.43701799485861	389	3.9789748100902256	5.731340598498477	5.5328056324995805	5.929875564497374	83.88202069865916	0.994986521271989
aligned_Sabine_V_30s_20200824_150505_out.fits	109	0	59086.12827980332	2459086.1282798033	2459086.128106192	2459086.133417764	2459086.13418536	-1	-70.7341924750657	-9.787817268	30	0.0176653378404164	0.1151341603924557	4.080282060541489	10	16	20	645.3117704280156	514.5386489119844	645.8117704280156	509.9613510880156	21.541867412488646	-2.979543423040773	20622.699364278506	314.1592653589794	214.3198730525876	96.22392487708463	1256	65.64409087446022	25.925333333333334	375	4.080282060541489	5.598222007967831	5.668249979607904	5.528194036327757	21.612968430032435	0.9988215296040959
aligned_Sabine_V_30s_20200824_150544_out.fits	110	0	59086.12872923631	2459086.1287292363	2459086.128555625	2459086.1338672177	2459086.1346348133	-1	-70.57195663139157	-10.20308404	30	0.0176653399168127	0.1151341738945459	4.065684660539892	10	16	20	645.484404476182	514.0517647295557	645.984404476182	510.44823527044434	21.541848038574702	-2.9795365592735195	24396.426738119302	314.1592653589793	220.66924758137156	110.55653202933564	1344	77.65623818301943	25.954674220963174	353	4.065684660539892	5.762523203730863	5.537227762746556	5.98781864471517	78.97493625147933	0.9929044110272808
aligned_Sabine_V_30s_20200824_150623_out.fits	111	0	59086.12917230325	2459086.1291723032	2459086.128998692	2459086.1343103047	2459086.1350779003	-1	-70.41201875311509	-10.20308404	30	0.0176653419639397	0.1151341872063072	3.665394542750431	10	16	20	646.5608684713179	513.9725409769358	647.0608684713179	510.52745902306424	21.54186080193359	-2.9795238634961603	29575.912381910104	314.15926535897916	225.40885739748842	131.21007188176114	1966	94.14305304067575	24.50857142857143	350	3.665394542750431	5.366867832363711	5.0785029436840405	5.655232721043382	86.73938600148486	0.9883684623026611
aligned_Sabine_V_30s_20200824_150701_out.fits	112	0	59086.12963082176	2459086.1296308218	2459086.1294572107	2459086.134768844	2459086.1355364397	-1	-70.24650313342516	-10.20308404	30	0.0176653440826071	0.1151342009832697	4.083893225141765	10	16	20	646.9925180974591	514.3868457165262	647.4925180974591	510.1131542834738	21.54185448965564	-2.97959640928487	29605.815285013803	314.1592653589793	224.2889854363025	131.99852515014285	1588	94.23823693751073	26.513440860215052	372	4.083893225141765	5.83048200119854	5.743895975628254	5.917068026768827	60.11933975654585	0.9965232134566052
aligned_Sabine_V_30s_20200824_150750_out.fits	113	0	59086.13020236092	2459086.130202361	2459086.13002875	2459086.1353404094	2459086.1361080045	-1	-70.04018934988562	-9.787817268	30	0.0176653467237181	0.1151342181575028	3.882585959885666	10	16	20	646.8016244812169	514.0560625182021	647.3016244812169	510.4439374817979	21.541844536835768	-2.9794711946875245	25949.167015665887	314.15926535897904	221.30167820575238	117.25698253196248	1699	82.59876399320791	27.24661246612466	369	3.882585959885666	5.055120985760488	5.151210987856769	4.959030983664207	11.640295387692658	0.998288388361134
aligned_Sabine_V_30s_20200824_152931_out.fits	114	0	59086.14526239596	2459086.145262396	2459086.145088785	2459086.1504011303	2459086.151168725	-1	-64.6038087536113	-10.20308404	30	0.0176654164014798	0.1151346712476141	3.6753048812727305	10	16	20	663.5229950369785	513.2334847922849	664.0229950369785	511.2665152077151	21.541628371392065	-2.979651558975017	26015.919347506115	314.15926535897916	220.67419961570118	117.89289093519865	1644	82.81124326471354	24.67590027700831	361	3.6753048812727305	5.519775907399058	5.167050703423623	5.8725011113744925	272.6106356185212	0.9836633880398654
aligned_Sabine_V_30s_20200824_153046_out.fits	115	0	59086.146124756895	2459086.146124757	2459086.145951146	2459086.1512635304	2459086.152031125	-1	-64.29251227260465	-9.787817268	30	0.0176654203962708	0.1151346972243249	3.6068573640697643	10	16	20	665.4960929986157	513.2743490375684	665.9960929986157	511.2256509624316	21.54161507070413	-2.979768381448272	23366.66331409541	314.15926535897944	216.05220712154477	108.15285631842676	1674	74.37839940004665	25.497395833333332	384	3.6068573640697643	4.8799242764293815	4.7679097074212375	4.991938845437525	299.2935166905617	0.9922498187384868
aligned_Sabine_V_30s_20200824_153123_out.fits	116	0	59086.14655721048	2459086.1465572105	2459086.1463835994	2459086.1516960035	2459086.152463598	-1	-64.13640443131135	-9.787817268	30	0.0176654223997652	0.1151347102523382	3.7662668208032573	10	16	20	665.2765619286056	513.3853928352869	665.7765619286056	511.1146071647131	21.541605017116435	-2.979745806167569	24739.710829370804	314.15926535897927	216.34650156337074	114.35225737692004	1524	78.74894538316916	24.53846153846154	390	3.7662668208032573	5.281564419388868	5.260699260642044	5.302429578135691	307.0696549760882	0.9991642284700817
aligned_Sabine_V_30s_20200824_153200_out.fits	117	0	59086.14698874997	2459086.14698875	2459086.146815139	2459086.152127563	2459086.152895157	-1	-63.98062654236924	-10.20308404	30	0.0176654243991587	0.1151347232536848	4.555701417575451	10	16	20	666.4095983796868	513.2793999008583	666.9095983796868	511.22060009914173	21.541604487028646	-2.9797577304398715	24662.23011389172	314.1592653589792	208.17360661036525	118.46953374858691	1084	78.50231660591331	13.448275862068966	406	4.555701417575451	6.141200589251202	6.526827400297151	5.755573778205252	342.97968245272597	0.9772103766900642
aligned_Sabine_V_30s_20200824_153332_out.fits	118	0	59086.14805026632	2459086.1480502663	2459086.147876655	2459086.1531891273	2459086.153956722	-1	-63.59743841597623	-10.20308404	30	0.0176654293179083	0.1151347552385666	3.924492138041799	10	16	20	667.1377791160204	513.0394281493138	667.6377791160204	511.46057185068616	21.541578893857054	-2.9796423751442274	29711.879781177155	314.1592653589793	222.22154516576649	133.7038663780937	1671	94.57585071452971	23.657824933687003	377	3.924492138041799	5.6204689326574435	5.546415903625143	5.694521961689743	274.3329500931445	0.999289731015885
aligned_Sabine_V_30s_20200824_153409_out.fits	119	0	59086.14848167822	2459086.148481678	2459086.148308067	2459086.153620559	2459086.1543881535	-1	-63.4417065235304	-9.787817268	30	0.0176654313171737	0.1151347682390784	3.7692977399352565	10	16	20	667.8631191877348	513.2316874929322	668.3631191877348	511.2683125070678	21.541578532290885	-2.9797991641855908	32934.74433981802	314.1592653589793	226.75922088497634	145.24103677585035	2217	104.83454722299717	26.511811023622048	381	3.7692977399352565	5.355494236750756	5.3142745826591185	5.396713890842393	304.9503740553572	0.9979937183370468
aligned_Sabine_V_30s_20200824_153447_out.fits	120	0	59086.14891289361	2459086.1489128936	2459086.1487392825	2459086.154051794	2459086.1548193884	-1	-63.286045550210076	-10.20308404	30	0.0176654333156621	0.1151347812345374	3.8095829655295463	10	16	20	668.4640811682154	512.7068210721973	668.9640811682154	511.7931789278027	21.541574540769304	-2.979734338258124	38159.54346044131	314.1592653589793	225.44549189289904	169.2628366175959	2519	121.46559935718487	18.079800498753116	401	3.8095829655295463	5.525721496766442	5.634694097478807	5.416748896054078	356.05330760570746	0.9984156624060548
aligned_Sabine_V_30s_20200824_153524_out.fits	121	0	59086.14934656257	2459086.1493465626	2459086.1491729515	2459086.1544854827	2459086.155253077	-1	-63.12949886571414	-9.787817268	30	0.0176654353256565	0.1151347943048154	3.8455747083742415	10	16	20	668.2802455511105	512.9896605720076	668.7802455511105	511.51033942799245	21.54156576084729	-2.9798053239338147	34777.386210635705	314.15926535897927	225.30836745549678	154.3546145373628	2306	110.69985846477184	21.255208333333332	384	3.8455747083742415	5.228077200533537	5.189846081364195	5.266308319702881	60.203187596831754	0.9991650895725959
aligned_Sabine_V_30s_20200824_153614_out.fits	122	0	59086.14990712982	2459086.14990713	2459086.1497335187	2459086.1550460756	2459086.15581367	-1	-62.92714415964167	-9.787817268	30	0.0176654379240069	0.1151348112009622	3.803753438624568	10	16	20	669.2356004629218	513.2763005264567	669.7356004629218	511.2236994735433	21.54155506204659	-2.9797807080279854	36334.9508983167	314.15926535897927	228.98713210657513	158.6768241693411	2257	115.65774084936814	24.313157894736843	380	3.803753438624568	5.299473538803619	5.3131081192708765	5.285838958336362	322.98339660085725	0.999650092135663
aligned_Sabine_V_30s_20200824_153651_out.fits	123	0	59086.150351666845	2459086.150351667	2459086.1501780557	2459086.1554906326	2459086.1562582273	-1	-62.76667425906112	-10.20308404	30	0.0176654399846927	0.1151348246008676	3.941623563454583	10	16	20	669.5484130551407	513.2513037694328	670.0484130551407	511.24869623056725	21.54155259470227	-2.9797617653997794	33249.85741963658	314.15926535897927	225.91224274620316	147.18041402028177	2006	105.8375833087179	25.943589743589744	390	3.941623563454583	5.4607084523177	5.558920173697367	5.362496730938034	20.495646144163757	0.9977304838173341
aligned_Sabine_V_30s_20200824_153729_out.fits	124	0	59086.15079010418	2459086.150790104	2459086.150616493	2459086.15592909	2459086.156696684	-1	-62.60840622336195	-9.787817268	30	0.0176654420172422	0.1151348378178112	3.7474429534752427	10	16	20	670.2516065920753	512.357633920345	670.7516065920753	512.142366079655	21.54154583871565	-2.979775159158027	34232.17592768891	314.1592653589793	224.05810210111548	152.78258454693253	2182	108.96440023366156	24.686746987951807	415	3.7474429534752427	5.5503697610861416	5.772206261461468	5.328533260710815	0.5518007130438093	0.993628276810822
aligned_Sabine_V_30s_20200824_153813_out.fits	125	0	59086.15123100672	2459086.1512310067	2459086.1510573956	2459086.1563700126	2459086.1571376068	-1	-62.44924827440212	-10.20308404	30	0.0176654440613594	0.1151348511099757	3.999961149939752	10	16	20	671.1350837522629	512.6064264562034	671.6350837522629	511.8935735437966	21.541538411576823	-2.9798487549286783	35415.43488658757	314.1592653589794	226.20890016498205	156.56074920464164	2086	112.73083047899138	23.876884422110553	398	3.999961149939752	5.608931944581292	5.77035274813309	5.447511141029495	350.6922805796545	0.9963172359386263
aligned_Sabine_V_30s_20200824_153857_out.fits	126	0	59086.15173155069	2459086.1517315507	2459086.1515579396	2459086.1568705793	2459086.1576381736	-1	-62.268560813538954	-9.787817268	30	0.0176654463821563	0.1151348662012887	4.054228216339118	10	16	20	670.9304326328801	512.799290327629	671.4304326328801	511.700709672371	21.541531620125383	-2.9797545103289544	38481.00436913467	314.1592653589794	228.2769323647622	168.57158526927344	2306	122.48884120977208	23.728606356968214	409	4.054228216339118	5.531747138324633	5.7562097505064695	5.307284526142795	340.4674064853727	0.9891109397272531
aligned_Sabine_V_30s_20200824_153939_out.fits	127	0	59086.152240821626	2459086.1522408216	2459086.1520672105	2459086.1573798736	2459086.1581474678	-1	-62.08472305544359	-10.20308404	30	0.017665448743601	0.1151348815569195	3.5476135499866945	10	16	20	671.6036292259091	513.0485653809972	672.1036292259091	511.45143461900284	21.54151968391262	-2.979797306351902	36033.717785392335	314.1592653589793	226.6508662354511	158.98336672562957	2355	114.69888607047068	21.07591623036649	382	3.5476135499866945	5.501130063503544	5.449998798872047	5.5522613281350415	303.40720982808773	0.9977710515108564
aligned_Sabine_V_30s_20200824_154017_out.fits	128	0	59086.15272393497	2459086.152723935	2459086.152550324	2459086.157863009	2459086.158630603	-1	-61.910327704155804	-9.787817268	30	0.0176654509839276	0.1151348961249619	4.107012336046433	10	16	20	672.2375502108678	512.2497222128691	672.7375502108678	512.2502777871309	21.541519737481845	-2.9797594657940834	35598.91206220636	314.1592653589791	225.76588064587293	157.6806555550586	1890	113.31485646787687	23.516129032258064	403	4.107012336046433	5.938343034718459	6.287622085203142	5.589063984233777	3.8235712222430793	0.986009467341018
aligned_Sabine_V_30s_20200824_154054_out.fits	129	0	59086.15316999983	2459086.15317	2459086.1529963887	2459086.158309094	2459086.1590766883	-1	-61.749306180410144	-10.20308404	30	0.0176654530525995	0.1151349095767944	3.886288453815537	10	16	20	673.1415682809079	512.7739894097895	673.6415682809079	511.72601059021054	21.541515039645333	-2.9798415076863436	37976.81423822526	314.15926535897944	227.00963311900938	167.29164184110192	2165	120.8839541779244	19.38560411311054	389	3.886288453815537	6.031366850826609	6.027483968801506	6.035249732851714	313.81609496162497	0.99902874041303
aligned_Sabine_V_30s_20200824_154132_out.fits	130	0	59086.15399642382	2459086.153996424	2459086.1538228127	2459086.1591355554	2459086.1599031496	-1	-61.45098170228465	-10.20308404	30	0.0176654568856041	0.1151349345014498	3.9399366227222137	10	16	20	673.448521525969	512.697613702293	673.948521525969	511.802386297707	21.54150879030251	-2.9798639227038612	37819.439198758344	314.1592653589793	229.68194353451187	164.66004517710647	2153	120.3830138689156	24.39074550128535	389	3.9399366227222137	5.684513247135383	5.9322667523250185	5.436759741945748	346.41893475834667	0.9904377603219786
aligned_Sabine_V_30s_20200824_154210_out.fits	131	0	59086.15403752308	2459086.154037523	2459086.153863912	2459086.1591766565	2459086.1599442507	-1	-61.43614559136711	-10.20308404	30	0.0176654570762378	0.1151349357410724	4.007600966314314	10	16	20	673.4264608021294	512.0581850270283	673.9264608021294	512.4418149729717	21.54150324537334	-2.979832140445444	38946.7027732558	314.1592653589792	227.74572490438132	171.00958882809988	2074	123.97120526988982	23.488095238095237	420	4.007600966314314	5.786103866121168	5.901973295827468	5.670234436414868	346.61864482801224	0.9979895571133675
aligned_Sabine_V_30s_20200824_154252_out.fits	132	0	59086.15452465275	2459086.1545246528	2459086.1543510417	2459086.1596638085	2459086.1604314027	-1	-61.26030035035018	-10.20308404	30	0.0176654593358192	0.1151349504343197	3.9135581313069836	10	16	20	674.2016321527643	512.1548505182163	674.7016321527643	512.3451494817837	21.54149325420877	-2.979812609978023	36767.60418016957	314.15926535897927	228.2213630431391	161.10500651606242	2124	117.03491901840444	22.859375	384	3.9135581313069836	5.699828462364229	5.655257199870629	5.744399724857829	303.8668091408865	0.9982966117506068
aligned_Sabine_V_30s_20200824_154329_out.fits	133	0	59086.15496124979	2459086.15496125	2459086.1547876387	2459086.1601004256	2459086.16086802	-1	-61.10269648573433	-10.20308404	30	0.0176654613611468	0.1151349636042982	4.089000633863359	10	16	20	674.5919463296183	512.1983891801535	675.0919463296183	512.3016108198465	21.541488700637306	-2.9798031377171887	32153.741178149627	314.15926535897944	221.04869473702536	145.4599911408747	1780	102.34853694799867	21.67654320987654	405	4.089000633863359	6.108945069864335	6.14211489835895	6.07577524136972	15.882712690763947	0.9998368693967442
aligned_Sabine_V_30s_20200824_154406_out.fits	134	0	59086.15539384261	2459086.1553938426	2459086.1552202315	2459086.160533038	2459086.161300632	-1	-60.94653806134443	-9.787817268	30	0.0176654633680344	0.1151349766543678	4.131247940846927	10	16	20	675.557675426565	512.7084738762304	676.057675426565	511.7915261237696	21.541475696357494	-2.9798663570279897	35025.68954328698	314.15926535897927	223.21270556706182	156.91619997305168	1984	111.49023252032467	21.88221153846154	416	4.131247940846927	5.622803272729983	5.554237082923851	5.691369462536114	302.27633561366025	0.9967792840016553
aligned_Sabine_V_30s_20200824_154444_out.fits	135	0	59086.15582601866	2459086.1558260187	2459086.1556524076	2459086.1609652336	2459086.161732828	-1	-60.790530069385966	-9.787817268	30	0.017665465373123	0.1151349896927378	3.9692944938174803	10	16	20	676.1687989575466	512.104912941441	676.6687989575466	512.395087058559	21.5414787887324	-2.979830971746907	34526.26469716893	314.1592653589794	226.25340805495918	152.5999762566324	1823	109.90051386107271	23.338541666666668	384	3.9692944938174803	6.103811466761563	6.383067270891978	5.824555662631148	347.7685543510984	0.989936616523875
aligned_Sabine_V_30s_20200824_154521_out.fits	136	0	59086.15625635395	2459086.156256354	2459086.156082743	2459086.1613955884	2459086.1621631826	-1	-60.63518654644395	-10.20308404	30	0.0176654673698047	0.1151350026764412	4.040307689818425	10	16	20	676.0089294770268	512.1129101012408	676.5089294770268	512.3870898987592	21.54147040866868	-2.97981734761278	31703.415202601784	314.15926535897955	221.93787211144266	142.84815340881707	1658	100.91510484777625	23.140350877192983	399	4.040307689818425	6.044551424392287	6.204558221297326	5.884544627487249	344.7455109401068	0.9962291463267292
aligned_Sabine_V_30s_20200824_154558_out.fits	137	0	59086.15668886574	2459086.1566888657	2459086.1565152546	2459086.1618281202	2459086.162595714	-1	-60.47905733204789	-9.787817268	30	0.0176654693767192	0.115135015726684	4.0940192872268195	10	16	20	676.8153580051169	512.3605988939667	677.3153580051169	512.1394011060333	21.541458017073847	-2.979778721247696	27513.543914688773	314.1592653589793	219.19009976459037	125.52366162631547	1466	87.57833031997309	23.976744186046513	387	4.0940192872268195	5.979374188623165	6.126568511578736	5.832179865667594	346.86330177911344	0.9969889511923878
aligned_Sabine_V_30s_20200824_154635_out.fits	138	0	59086.157118911855	2459086.157118912	2459086.1569453008	2459086.162258186	2459086.1630257796	-1	-60.32381817148905	-9.787817268	30	0.017665471372326	0.1151350287033964	3.7547169577320756	10	16	20	677.2846396965866	512.4980794250666	677.7846396965866	512.0019205749334	21.541451367638906	-2.979865991507135	26799.708991627667	314.1592653589794	214.664850013712	124.84442138485085	1615	85.30612318883712	22.145933014354068	418	3.7547169577320756	5.648073344383382	5.851001679270555	5.445145009496211	7.699805633063524	0.9944590714118104
aligned_Sabine_V_30s_20200824_154713_out.fits	139	0	59086.15755046299	2459086.157550463	2459086.157376852	2459086.1626897566	2459086.1634573503	-1	-60.168035713672566	-9.787817268	30	0.0176654733750504	0.1151350417263919	4.160353382418949	10	16	20	678.258593485856	512.260161916006	678.758593485856	512.239838083994	21.541451000858565	-2.9797972747071575	30236.191304698546	314.1592653589793	221.94475947264067	136.2329589423164	1552	96.24478612829915	23.571428571428573	385	4.160353382418949	5.902310583495753	5.981007570185104	5.8236135968064024	343.68013573132316	0.9989975276449402
aligned_Sabine_V_30s_20200824_154826_out.fits	140	0	59086.15840615751	2459086.1584061575	2459086.1582325464	2459086.16354549	2459086.164313084	-1	-59.85914482788212	-10.20308404	30	0.0176654773465177	0.1151350675514119	3.9893562868850827	10	16	20	678.66000424031	511.7712097425941	679.16000424031	512.7287902574059	21.54143793777256	-2.979889990721882	25271.333701829648	314.1592653589792	216.84633406926247	116.54028559116789	1587	80.44115354341992	24.59846547314578	391	3.9893562868850827	5.761998488281712	6.023827961604579	5.5001690149588445	353.92224660302696	0.9913929414714177
aligned_Sabine_V_30s_20200824_154909_out.fits	141	0	59086.15889679408	2459086.158896794	2459086.158723183	2459086.1640361487	2459086.164803743	-1	-59.682033514806164	-9.787817268	30	0.0176654796239079	0.1151350823604583	4.004703735748038	10	16	20	679.6129498740759	511.6395828055504	680.1129498740759	512.8604171944496	21.541427611891912	-2.9799140322569815	30033.33712770479	314.1592653589794	220.9733020385453	135.91387217658516	1792	95.59908122839126	23.982323232323232	396	4.004703735748038	5.716200125284843	5.942472688560087	5.489927562009598	350.1096888183856	0.9929437477812076
aligned_Sabine_V_30s_20200824_154946_out.fits	142	0	59086.159325902816	2459086.159325903	2459086.1591522917	2459086.164465277	2459086.165232871	-1	-59.52713267042748	-9.787817268	30	0.017665481615846	0.1151350953133123	3.912872040636241	10	16	20	679.844392477833	511.797574990261	680.344392477833	512.702425009739	21.54142400861416	-2.979905805615833	34825.813206996325	314.1592653589791	225.2575420377383	154.6044269681404	2158	110.85400638176962	23.093198992443323	397	3.912872040636241	5.968487711270848	6.021879641372604	5.915095781169091	327.86370631752914	0.9983015480584619
aligned_Sabine_V_30s_20200824_155023_out.fits	143	0	59086.15975246532	2459086.1597524653	2459086.159578854	2459086.164891859	2459086.165659453	-1	-59.373150962170314	-9.787817268	30	0.0176654835960956	0.1151351081901598	3.8068294658739568	10	16	20	680.7269346269346	511.5087757459384	681.2269346269346	512.9912242540615	21.541417602688366	-2.9798802087280847	37107.245420458305	314.1592653589792	228.11736909141672	162.66733904680353	2303	118.11603066380074	21.603674540682416	381	3.8068294658739568	5.864101977903504	6.023914930291451	5.704289025515556	351.0582427861528	0.9967246961195741
aligned_Sabine_V_30s_20200824_155100_out.fits	144	0	59086.160187546164	2459086.160187546	2459086.160013935	2459086.1653269595	2459086.1660945537	-1	-59.21609426816042	-10.20308404	30	0.017665485616025	0.1151351213250307	3.8277385373135573	10	16	20	680.7487768237386	512.0942330259849	681.2487768237386	512.4057669740151	21.541412360097148	-2.9798857927667193	36210.357767775444	314.1592653589793	225.80651642238897	160.36010980321356	2086	115.26114859734942	20.07751937984496	387	3.8277385373135573	6.0802806754683445	6.131655773089365	6.028905577847325	321.33939575742147	0.9940728487352393
aligned_Sabine_V_30s_20200824_155137_out.fits	145	0	59086.160614166874	2459086.160614167	2459086.160440556	2459086.1657535997	2459086.166521194	-1	-59.06209152614247	-9.787817268	30	0.0176654875968092	0.1151351342053535	3.8141659423291028	10	16	20	681.8012408254616	512.1480240351283	682.3012408254616	512.3519759648717	21.54140473927945	-2.979945948095009	36257.51319958255	314.1592653589792	225.73201592999868	160.62193504188744	2316	115.41124899866414	22.277915632754343	403	3.8141659423291028	5.580470351204314	5.7735319898161865	5.38740871259244	337.648631087426	0.9905459420191969
