Label	slice	Saturated	J.D.-2400000	JD_UTC	JD_SOBS	HJD_UTC	BJD_TDB	AIRMASS	ALT_OBJ	CCD-TEMP	EXPTIME	RAOBJ2K	DECOBJ2K	FWHM_Mean	Source_Radius	Sky_Rad(min)	Sky_Rad(max)	X(IJ)_T1	Y(IJ)_T1	X(FITS)_T1	Y(FITS)_T1	RA_T1	DEC_T1	Source-Sky_T1	N_Src_Pixels_T1	Source_Error_T1	Source_SNR_T1	Peak_T1	Mean_T1	Sky/Pixel_T1	N_Sky_Pixels_T1	FWHM_T1	Width_T1	X-Width_T1	Y-Width_T1	Angle_T1	Roundness_T1
PMO20200815S-0016.fit	1	0	59077.75917824078	2459077.759178241	NaN	NaN	0	1.65572398665	NaN	-18.83121075	60	NaN	NaN	3.3108427530110722	10	14	18	1494.6988364751367	1766.4834656292771	1495.1988364751367	1290.0165343707229	21.66276911270253	-2.9199791698354076	86634.14498978748	314.1592653589795	599.7287253411213	144.45555353465957	8269	275.7650483132926	1066.0504201680671	357	3.3108427530110722	5.428786917975433	5.343256914004804	5.514316921946062	279.5848869097168	0.9988876891977633
PMO20200815S-0017.fit	2	0	59077.76006944431	2459077.7600694443	NaN	NaN	0	1.65060630933	NaN	-18.840640500000003	60	NaN	NaN	3.5934942757533803	10	14	18	1496.2180500324612	1765.8757802063474	1496.7180500324612	1290.6242197936526	21.662747038729563	-2.9201311938444303	86853.47660434688	314.15926535897927	607.8532151839626	142.88560862191258	7615	276.4632025259619	1065.5641791044777	335	3.5934942757533803	5.906842201155875	5.701347997744916	6.112336404566835	295.1490507682278	0.9881647597307798
PMO20200815S-0018.fit	3	0	59077.7609606483	2459077.7609606483	NaN	NaN	0	1.64557437709	NaN	-18.846927	60	NaN	NaN	4.443229699174865	10	14	18	1497.7372635897857	1765.5719374948824	1498.2372635897857	1290.9280625051176	21.66272598407163	-2.9201681125117713	85642.45032214903	314.15926535897927	598.6312483538516	143.0637818484305	6941	272.60838614544207	1065.941504178273	359	4.443229699174865	6.123026264504919	6.130977354713068	6.115075174296769	315.4918389199795	0.9771144263391285
PMO20200815S-0019.fit	4	0	59077.76184027782	2459077.761840278	NaN	NaN	0	1.64069080688	NaN	-18.8595	60	NaN	NaN	3.8688838642103334	10	14	18	1498.3449490127155	1765.8757802063474	1498.8449490127155	1290.6242197936526	21.66271906815939	-2.9200450889357445	84730.1508919893	314.15926535897927	603.2453479740213	140.45719735187777	7195	269.7044468676453	1065.6144927536232	345	3.8688838642103334	5.944211114936948	5.914523106748158	5.973899123125739	308.31074794464587	0.9981364142732041
PMO20200815S-0020.fit	5	0	59077.76273148134	2459077.7627314813	NaN	NaN	0	1.63582599471	NaN	-18.884646	60	NaN	NaN	3.8219973033597503	10	14	18	1499.2564771471102	1765.5719374948824	1499.7564771471102	1290.9280625051176	21.662705416601735	-2.9200429338268665	84048.9248772735	314.1592653589795	607.3229768235067	138.39246675117784	6890	267.5360371155489	1066.11377245509	334	3.8219973033597503	5.861965276686936	5.826977780417169	5.896952772956703	309.4623589341913	0.9961388217802953
PMO20200815S-0021.fit	6	0	59077.763622685336	2459077.7636226853	NaN	NaN	0	1.6310529674	NaN	-18.8909325	60	NaN	NaN	4.170682873082542	10	14	18	1500.168005281505	1765.5719374948824	1500.668005281505	1290.9280625051176	21.662686757885428	-2.9200297179924832	82717.77154014236	314.15926535897927	599.3978035959151	138.00145920438953	6843	263.2988444431952	1066.4689265536724	354	4.170682873082542	5.821443060750319	5.91961632673195	5.7232697947686875	325.57040300480975	0.9912594369727166
PMO20200815S-0022.fit	7	0	59077.76450231485	2459077.764502315	NaN	NaN	0	1.62640335249	NaN	-18.8909325	60	NaN	NaN	3.427923117489266	10	14	18	1500.4718479929697	1765.5719374948824	1500.9718479929697	1290.9280625051176	21.662681356308838	-2.9199640389707753	81974.63899827341	314.15926535897916	596.3954199496756	137.4501484353963	7267	260.9333800949775	1066.8066298342542	362	3.427923117489266	5.5650944646795075	5.583909516194922	5.5462794131640925	332.20811318112624	0.9998568766506262
PMO20200815S-0023.fit	8	0	59077.76539351838	2459077.7653935184	NaN	NaN	0	1.62178189939	NaN	-18.894075750000003	60	NaN	NaN	3.07270399086937	10	14	18	1500.7756907044347	1765.2680947834174	1501.2756907044347	1291.2319052165826	21.66267579869211	-2.9199641880556064	82199.9294425341	314.15926535897927	603.0721350054871	136.3019855689174	8648	261.6505018516866	1065.7492711370262	343	3.07270399086937	5.138493787064672	5.108112629809243	5.168874944320099	302.55676570799153	0.9992104664991915
PMO20200815S-0024.fit	9	0	59077.76628472237	2459077.7662847224	NaN	NaN	0	1.61723990754	NaN	-18.906648750000002	60	NaN	NaN	3.5786357364896006	10	14	18	1501.0795334158997	1765.5719374948824	1501.5795334158997	1290.9280625051176	21.662673597135104	-2.9197867401266233	81192.29111315368	314.1592653589793	606.6066061763479	133.84669782107534	7265	258.44308943229146	1065.9249249249249	333	3.5786357364896006	5.739833607868036	5.807101385531444	5.6725658302046265	324.9796696097022	0.995286447773409
PMO20200815S-0025.fit	10	0	59077.767164351884	2459077.767164352	NaN	NaN	0	1.61283388149	NaN	-18.906648750000002	60	NaN	NaN	5.7502717792534765	10	14	18	1501.3833761273645	1765.8757802063474	1501.8833761273645	1290.6242197936526	21.662667704860677	-2.9196634884142205	81114.65607157932	314.15926535897955	600.1357483897307	135.16051374913783	7311	258.1959694198172	1066.0457142857142	350	5.7502717792534765	6.238321246813561	6.349026305350805	6.127616188276316	320.26406611028193	0.9622930021728274
PMO20200815S-0026.fit	11	0	59077.76805555541	2459077.7680555554	NaN	NaN	0	1.60844693601	NaN	-18.91293525	60	NaN	NaN	3.5422257063085945	10	14	18	1502.598746973224	1765.2680947834174	1503.098746973224	1291.2319052165826	21.662647916683063	-2.9197599385792103	80437.53722816642	314.15926535897927	597.8728952725542	134.53952815756452	7625	256.0406332000208	1066.693820224719	356	3.5422257063085945	5.658798011955468	5.656948862746531	5.6606471611644045	314.82901168528707	0.9880101708935037
PMO20200815S-0027.fit	12	0	59077.7689467594	2459077.7689467594	NaN	NaN	0	1.60413662684	NaN	-18.91293525	60	NaN	NaN	3.6117040301750443	10	14	18	1503.5102751076188	1765.2680947834174	1504.0102751076188	1291.2319052165826	21.662630723950837	-2.919704119807674	79722.74549424241	314.15926535897944	599.4811997861211	132.98623129913892	6408	253.76538044531603	1065.4828571428573	350	3.6117040301750443	5.882461162599137	5.780174872601313	5.984747452596962	306.11832041143646	0.9870142043929608
PMO20200815S-0028.fit	13	0	59077.76982638892	2459077.769826389	NaN	NaN	0	1.59995656932	NaN	-18.897219	60	NaN	NaN	3.924733398730152	10	14	18	1504.4218032420135	1764.9642520719526	1504.9218032420135	1291.5357479280474	21.66261734051346	-2.9196976277061535	79929.21704297065	314.1592653589793	597.6505748443708	133.73904486544558	6485	254.42259979707487	1066.564606741573	356	3.924733398730152	5.815609979232013	5.716704050636772	5.914515907827253	305.4701524479706	0.9891568540018103
PMO20200815S-0029.fit	14	0	59077.770717592444	2459077.7707175924	NaN	NaN	0	1.59580479146	NaN	-18.894075750000003	60	NaN	NaN	4.067893775503898	10	14	18	1504.7256459534785	1764.6604093604876	1505.2256459534785	1291.8395906395124	21.662609371537783	-2.919725082874369	80401.41754602763	314.1592653589792	600.837477702654	133.81558329791332	7324	255.92566068091494	1065.4755043227665	347	4.067893775503898	5.688665414547216	5.64525816979221	5.732072659302223	310.77620551806814	0.9892094897636123
PMO20200815S-0030.fit	15	0	59077.771608796436	2459077.7716087964	NaN	NaN	0	1.59170921514	NaN	-18.8909325	60	NaN	NaN	4.449162595992703	10	14	18	1505.637174087873	1764.3565666490229	1506.137174087873	1292.1434333509771	21.662604222537578	-2.919762575111186	78911.66171674657	314.1592653589792	603.4323215628865	130.7713539645437	6485	251.18362059631403	1066.070796460177	339	4.449162595992703	6.101226216391883	6.429832703503304	5.772619729280461	335.44246501358293	0.9730730586253159
PMO20200815S-0031.fit	16	0	59077.77248842595	2459077.772488426	NaN	NaN	0	1.5877561843	NaN	-18.897219	60	NaN	NaN	6.719055179687167	10	14	18	1506.244859510803	1765.2680947834174	1506.744859510803	1291.2319052165826	21.662592437249568	-2.919472176831941	79337.93099395494	314.1592653589793	599.8246724603428	132.26853551810234	7407	252.54047784743236	1066.0315186246419	349	6.719055179687167	6.79189487531376	6.562093843956228	7.021695906671291	309.8124906834886	0.8591335119024286
PMO20200815S-0032.fit	17	0	59077.77337962948	2459077.7733796295	NaN	NaN	0	1.58380528071	NaN	-18.881502750000003	60	NaN	NaN	8.489207101524253	10	14	18	1506.244859510803	1765.5719374948824	1506.744859510803	1290.9280625051176	21.662590956109067	-2.9194243092783134	78812.2168634577	314.1592653589792	608.2664362454323	129.56857746406607	7244	250.86707779699455	1066.4587155963302	327	8.489207101524253	7.359714490267082	7.562072297917351	7.157356682616815	318.1698709497061	0.7523736706347447
PMO20200815S-0033.fit	18	0	59077.77427083347	2459077.7742708335	NaN	NaN	0	1.57994347954	NaN	-18.90036225	60	NaN	NaN	7.393084695264324	10	14	18	1511.4101856057064	1762.5335103802333	1511.9101856057064	1293.9664896197667	21.66250148190091	-2.9202010346531573	78828.64907899516	314.1592653589794	596.5662178430894	132.13729963457118	6525	250.91938316356922	1066.7346368715084	358	7.393084695264324	7.163645743877542	8.298190059903021	6.029101427852063	338.23799343982864	0.8183907047083124
PMO20200815S-0034.fit	19	0	59077.775150462985	2459077.775150463	NaN	NaN	0	1.57618389423	NaN	-18.8909325	60	NaN	NaN	5.453727927873131	10	14	18	1511.4101856057064	1762.5335103802333	1511.9101856057064	1293.9664896197667	21.6624955117938	-2.920147364248544	77720.14050637133	314.1592653589794	609.832018831705	127.4451621206523	6646	247.39089078771272	1065.9658385093169	322	5.453727927873131	6.530061184169052	7.17326753558391	5.886854832754195	333.55567314970057	0.8954369946368301
PMO20200815S-0035.fit	20	0	59077.77604166651	2459077.7760416665	NaN	NaN	0	1.5724619032	NaN	-18.90036225	60	NaN	NaN	6.882871704576191	10	14	18	1512.321713740101	1761.9258249573036	1512.821713740101	1294.5741750426964	21.662475907830412	-2.9202112137654503	78602.52695881919	314.1592653589794	608.5587817285544	129.16176599334585	7001	250.19961410020068	1064.4769230769232	325	6.882871704576191	6.9782059072546385	7.817631885815985	6.138779928693293	332.42464457780875	0.8277544253794658
PMO20200815S-0036.fit	21	0	59077.77770833345	2459077.7777083335	NaN	NaN	0	1.56567040989	NaN	-18.897219	60	NaN	NaN	4.08857175690552	10	14	18	1512.321713740101	1761.9258249573036	1512.821713740101	1294.5741750426964	21.66247183873446	-2.920067474890572	77789.47436610545	314.1592653589794	598.4906726393606	129.9760847116492	7443	247.61158731771923	1065.954415954416	351	4.08857175690552	5.612093825283372	5.935863055012055	5.28832459555469	341.0022189800037	0.9787049666341007
PMO20200815S-0037.fit	22	0	59077.77859953698	2459077.778599537	NaN	NaN	0	1.56212809762	NaN	-18.8909325	60	NaN	NaN	3.9128665629522086	10	14	18	1512.625556451566	1761.6219822458386	1513.125556451566	1294.8780177541614	21.662465401626328	-2.920141558038147	77888.09988802299	314.1592653589794	591.9473757553375	131.5794326964219	8152	247.92552210428312	1065.9378378378378	370	3.9128665629522086	5.368333028049749	5.297767947966254	5.438898108133243	308.89588994615576	0.9845498172532269
PMO20200815S-0038.fit	23	0	59077.77947916649	2459077.7794791665	NaN	NaN	0	1.55871469728	NaN	-18.90036225	60	NaN	NaN	4.519316601903513	10	14	18	1513.8409272974254	1761.6219822458386	1514.3409272974254	1294.8780177541614	21.66244042789142	-2.9200240428886968	77501.38690966734	314.15926535897927	604.881507703226	128.12656019845124	7598	246.6945764630214	1066.1736526946108	334	4.519316601903513	5.665155892159747	6.146495359458598	5.183816424860896	345.07508684035565	0.9621627403455644
PMO20200815S-0039.fit	24	0	59077.780370370485	2459077.7803703705	NaN	NaN	0	1.5553053931	NaN	-18.8909325	60	NaN	NaN	5.707752178363514	10	14	18	1514.7524554318202	1761.0142968229088	1515.2524554318202	1295.4857031770912	21.662424464123756	-2.920144133117504	77349.63332997181	314.1592653589792	592.6040931044396	130.52497313132773	7160	246.21152981621276	1066.8315217391305	368	5.707752178363514	6.053603057597689	6.399427912436998	5.707778202758381	329.12027050712055	0.9420741639044314
PMO20200815S-0040.fit	25	0	59077.78126157401	2459077.781261574	NaN	NaN	0	1.55197894256	NaN	-18.8909325	60	NaN	NaN	6.332934101649668	10	14	18	1515.663983566215	1760.710454111444	1516.163983566215	1295.789545888556	21.662409952363483	-2.920237903669556	78442.86845149158	314.15926535897927	597.8801318609862	131.20166446629878	7118	249.69140528724353	1065.3484419263457	353	6.332934101649668	6.4186139885463955	6.802212836365478	6.035015140727312	326.2072573243365	0.9024356326550886
PMO20200815S-0041.fit	26	0	59077.78214120353	2459077.7821412035	NaN	NaN	0	1.54874293995	NaN	-18.909792000000003	60	NaN	NaN	4.57874355185144	10	14	18	1515.663983566215	1760.710454111444	1516.163983566215	1295.789545888556	21.662403956139723	-2.920134240281148	77876.73827750434	314.15926535897927	599.6019081662223	129.88073789771073	7317	247.88935697477265	1065.8706896551723	348	4.57874355185144	5.87678209392353	6.140950030563217	5.612614157283843	328.9443432367094	0.9632082631707525
PMO20200815S-0042.fit	27	0	59077.78303240752	2459077.7830324075	NaN	NaN	0	1.54553711983	NaN	-18.906648750000002	60	NaN	NaN	3.817394479060633	10	14	18	1515.663983566215	1760.710454111444	1516.163983566215	1295.789545888556	21.662397862613133	-2.9200051457686476	77924.80414494546	314.15926535897927	595.1856781350391	130.92520033263543	6612	248.04235538271774	1066.7673130193905	361	3.817394479060633	5.59509600930743	5.849025924832476	5.341166093782385	336.8449080009378	0.9828035530021378
PMO20200815S-0043.fit	28	0	59077.783923611045	2459077.783923611	NaN	NaN	0	1.5424036603	NaN	-18.92550825	60	NaN	NaN	3.1984879153636143	10	14	18	1515.663983566215	1760.710454111444	1516.163983566215	1295.789545888556	21.662398212494544	-2.9200994770769406	78148.81305210362	314.15926535897927	600.744914999073	130.08651609181612	7858	248.75539788013444	1065.5449275362319	345	3.1984879153636143	5.359283992343715	5.39595784855656	5.32261013613087	6.687551110086227	0.9998021192658564
PMO20200815S-0044.fit	29	0	59077.78480324056	2459077.7848032406	NaN	NaN	0	1.5393565435	NaN	-18.906648750000002	60	NaN	NaN	3.708462590117965	10	14	18	1517.1831971235395	1760.406611399979	1517.6831971235395	1296.093388600021	21.662370428620683	-2.920019259847338	78403.99729758961	314.1592653589794	593.8803161427612	132.0198618583989	8025	249.56767456149976	1066.2246575342465	365	3.708462590117965	5.388728343673397	5.498282876565221	5.279173810781573	326.32864667548154	0.9888679446534373
PMO20200815S-0045.fit	30	0	59077.78569444455	2459077.7856944446	NaN	NaN	0	1.53634848037	NaN	-18.9160785	60	NaN	NaN	3.6945944144374936	10	14	18	1518.094725257934	1760.102768688514	1518.594725257934	1296.397231311486	21.662354365194567	-2.9200629341433033	78949.17669349682	314.15926535897944	600.5321144420589	131.46537011904311	7606	251.30303447610942	1066.5533141210374	347	3.6945944144374936	5.410145952675581	5.551232055066908	5.269059850284255	326.04058971597647	0.9807766364038554
PMO20200815S-0046.fit	31	0	59077.78657407407	2459077.786574074	NaN	NaN	0	1.53343237109	NaN	-18.90036225	60	NaN	NaN	3.4978752262136004	10	14	18	1518.094725257934	1760.102768688514	1518.594725257934	1296.397231311486	21.662342462437255	-2.919982054134419	79356.40575940273	314.15926535897944	585.7505995812244	135.47814687025104	7556	252.59928485230182	1065.1739130434783	391	3.4978752262136004	5.338925846095046	5.486061592522644	5.191790099667449	337.4817806417057	0.9939254807662947
PMO20200815S-0047.fit	32	0	59077.78746527759	2459077.7874652776	NaN	NaN	0	1.53053101755	NaN	-18.91293525	60	NaN	NaN	3.9856307968475373	10	14	18	1518.702410680864	1759.4950832655843	1519.202410680864	1297.0049167344157	21.662335798660074	-2.920139877130735	80032.2487958126	314.1592653589793	593.4466044578733	134.86006692872368	6849	254.75056005227927	1066	368	3.9856307968475373	5.610080404832708	5.49910018267266	5.721060626992755	303.02130321367065	0.9905136591062501
PMO20200815S-0048.fit	33	0	59077.788356481586	2459077.7883564816	NaN	NaN	0	1.52769909099	NaN	-18.93808125	60	NaN	NaN	3.429524929735563	10	14	18	1519.3100961037937	1759.4950832655843	1519.8100961037937	1297.0049167344157	21.66232064950503	-2.9201492110875473	80547.32904115994	314.1592653589792	595.7188706162378	135.21030307104127	6786	256.3901113949997	1064.6814404432132	361	3.429524929735563	5.735436726962666	5.558874528241773	5.911998925683559	292.3777302632859	0.9924969416305545
PMO20200815S-0049.fit	34	0	59077.7892361111	2459077.789236111	NaN	NaN	0	1.52497158168	NaN	-18.975800250000002	60	NaN	NaN	3.9138743027677396	10	14	18	1520.2216242381885	1759.1912405541195	1520.7216242381885	1297.3087594458805	21.662309762186975	-2.920205794372451	81288.12028948037	314.1592653589795	602.5159726550755	134.9144653066578	7781	258.7481231743877	1064.8134110787173	343	3.9138743027677396	5.4621761977651975	5.128452160856771	5.795900234673624	289.77396801504193	0.9750738788162758
PMO20200815S-0050.fit	35	0	59077.79012731463	2459077.7901273146	NaN	NaN	0	1.52225154483	NaN	-19.00723275	60	NaN	NaN	3.635380769883084	10	14	18	1521.436995084048	1759.4950832655843	1521.936995084048	1297.0049167344157	21.66228675724499	-2.920063052148307	82670.68533343263	314.1592653589794	598.3635381445	138.16130172268004	8325	263.1489643922091	1065.1011235955057	356	3.635380769883084	5.386579563443243	5.525316101669101	5.247843025217387	327.8146020168725	0.9858363164263607
PMO20200815S-0051.fit	36	0	59077.79101851862	2459077.7910185186	NaN	NaN	0	1.51959930965	NaN	-19.03866525	60	NaN	NaN	4.222919803961773	10	14	18	1521.740837795513	1759.1912405541195	1522.240837795513	1297.3087594458805	21.662276061315797	-2.9201236787837024	77213.64871691779	314.1592653589795	597.455555541548	129.2374771658613	6272	245.77867734917282	1065.5382436260622	353	4.222919803961773	5.821925182303545	5.835397703723881	5.808452660883208	316.0486181190197	0.9840057311224185
PMO20200815S-0052.fit	37	0	59077.791898148134	2459077.791898148	NaN	NaN	0	1.5170476072	NaN	-19.05123825	60	NaN	NaN	4.083204692438167	10	14	18	1522.3485232184428	1758.5835551311895	1522.8485232184428	1297.9164448688105	21.662258250574858	-2.9202404029871745	83900.61226883298	314.1592653589793	609.5650392125365	137.64013168671806	7466	267.06394342042574	1065.628048780488	328	4.083204692438167	6.024811958501859	5.897573242842758	6.152050674160961	309.32548848375774	0.9539701233168284
PMO20200815S-0053.fit	38	0	59077.79278935166	2459077.7927893517	NaN	NaN	0	1.51450440704	NaN	-19.085814000000003	60	NaN	NaN	3.2823840379246536	10	14	18	1522.3485232184428	1758.5835551311895	1522.8485232184428	1297.9164448688105	21.662256169431178	-2.920102265875635	85346.94239299186	314.1592653589793	605.2962769293555	141.0002764694896	7211	271.6677551924778	1065.3147058823529	340	3.2823840379246536	5.436460839980239	5.3412155813288695	5.531706098631609	300.36132330582046	0.9948694619620781
PMO20200815S-0054.fit	39	0	59077.79368055565	2459077.7936805557	NaN	NaN	0	1.51202750586	NaN	-19.12038975	60	NaN	NaN	3.980371080999813	10	14	18	1522.0446805069778	1758.5835551311895	1522.5446805069778	1297.9164448688105	21.66225827914727	-2.920172023294623	86717.76373432466	314.15926535897944	596.1472974315177	145.46365320776505	6801	276.03121504385723	1065.1607629427792	367	3.980371080999813	5.927338852147484	5.801641669767959	6.053036034527008	56.09180090692785	0.9873935509451504
PMO20200815S-0055.fit	40	0	59077.79456018517	2459077.794560185	NaN	NaN	0	1.50964742769	NaN	-19.1423925	60	NaN	NaN	4.487364413474806	10	14	18	1524.475422198697	1758.8873978426545	1524.975422198697	1297.6126021573455	21.662215371768482	-2.9200535257438665	88496.69345676323	314.15926535897916	605.8770669296056	146.06377809484792	6786	281.6937242186413	1066.014619883041	342	4.487364413474806	5.924012151448207	6.188868705023439	5.659155597872975	335.5919904640791	0.9816333004019031
PMO20200815S-0056.fit	41	0	59077.79568287032	2459077.7956828703	NaN	NaN	0	1.50668057534	NaN	-19.17696825	60	NaN	NaN	3.6884185872089295	10	14	18	1524.475422198697	1758.8873978426545	1524.975422198697	1297.6126021573455	21.662218242494415	-2.9200710101759872	88880.11897333158	314.15926535897916	597.8555067060231	148.6648830300657	6247	282.91420554402964	1064.618131868132	364	3.6884185872089295	5.927005375402462	5.769414226873212	6.084596523931712	85.87212011075245	0.9971167165309078
PMO20200815S-0057.fit	42	0	59077.796574073844	2459077.796574074	NaN	NaN	0	1.50438968226	NaN	-19.205257500000002	60	NaN	NaN	3.356435488324567	10	14	18	1525.0831076216268	1758.8873978426545	1525.5831076216268	1297.6126021573455	21.662199323107018	-2.9199717099664735	90096.92312133295	314.1592653589793	601.8281645018387	149.705395053936	8408	286.78741344261226	1064.8559322033898	354	3.356435488324567	5.34930766973627	5.210577070355999	5.488038269116539	86.12899423686731	0.9972636029135229
PMO20200815S-0058.fit	43	0	59077.797453703824	2459077.797453704	NaN	NaN	0	1.5021838525	NaN	-19.2304035	60	NaN	NaN	3.7394642612996094	10	14	18	1525.9946357560216	1758.5835551311895	1526.4946357560216	1297.9164448688105	21.662175862104615	-2.920025506202017	91080.4440219262	314.1592653589793	606.3490861098868	150.21123327861332	9439	289.9180577018845	1065.4810495626823	343	3.7394642612996094	5.2134242157627435	5.382555679226588	5.044292752298899	334.6430036732719	0.9895220010794503
PMO20200815S-0059.fit	44	0	59077.79834490735	2459077.7983449074	NaN	NaN	0	1.49999675479	NaN	-19.2681225	60	NaN	NaN	3.239623050164495	10	14	18	1526.2984784674863	1758.5835551311895	1526.7984784674863	1297.9164448688105	21.66217088688945	-2.9200091784324917	93541.7946621126	314.1592653589794	599.6944827502209	155.98241663509475	9377	297.75278012324577	1064.9313186813188	364	3.239623050164495	5.048341018046502	5.110989184525467	4.985692851567538	347.41559361924067	0.9992482176471394
PMO20200815S-0060.fit	45	0	59077.79923611088	2459077.799236111	NaN	NaN	0	1.49787318328	NaN	-19.30898475	60	NaN	NaN	3.653721099544058	10	14	18	1526.9061638904163	1758.2797124197248	1527.4061638904163	1298.2202875802752	21.662160894124064	-2.920051403345283	94628.54045318253	314.15926535897944	602.0306766728904	157.1822568513371	8808	301.2119994139075	1064.377094972067	358	3.653721099544058	5.319644947751958	5.274974389819687	5.364315505684229	292.39564572821104	0.9994400442202759
PMO20200815S-0061.fit	46	0	59077.80011574086	2459077.800115741	NaN	NaN	0	1.4958392165	NaN	-19.337274	60	NaN	NaN	3.88731537740001	10	14	18	1527.513849313346	1758.2797124197248	1528.013849313346	1298.2202875802752	21.662146410825134	-2.92010152297235	94321.48826188402	314.15926535897927	597.8013298358812	157.78065981850324	6956	300.23462193326054	1065.5013477088949	371	3.88731537740001	5.762633446713309	5.6003000902919995	5.924966803134619	286.90356422095556	0.9954098055722076
PMO20200815S-0062.fit	47	0	59077.801006944384	2459077.8010069444	NaN	NaN	0	1.49382504035	NaN	-19.384422750000002	60	NaN	NaN	3.7517444951993077	10	14	18	1528.1215347362759	1758.2797124197248	1528.6215347362759	1298.2202875802752	21.66212874159674	-2.9200723344422435	96744.78578371002	314.1592653589792	621.558038248915	155.64883700364388	7943	307.94821751687954	1063.7322580645161	310	3.7517444951993077	5.624416991602433	5.599913345728625	5.648920637476241	310.606031354469	0.996747408500959
PMO20200815S-0063.fit	48	0	59077.8018865739	2459077.801886574	NaN	NaN	0	1.49189049198	NaN	-19.425285000000002	60	NaN	NaN	3.9481713905971585	10	14	18	1528.7292201592056	1758.5835551311895	1529.2292201592056	1297.9164448688105	21.66211730327904	-2.9199557549291	97072.65779143997	314.1592653589793	604.1298610396168	160.68177398877867	7389	308.99186653151315	1064.969014084507	355	3.9481713905971585	5.707034899376373	5.7426714816786	5.6713983170741455	24.59704526210038	0.9996348193680215
PMO20200815S-0064.fit	49	0	59077.80277777789	2459077.802777778	NaN	NaN	0	1.48998432006	NaN	-19.4441445	60	NaN	NaN	4.06961475349623	10	14	18	1529.9445910050654	1758.2797124197248	1530.4445910050654	1298.2202875802752	21.6620986636296	-2.920048232433768	98255.66733400308	314.1592653589793	605.8151885878401	162.18752712859148	7804	312.7575028599892	1064.1737891737891	351	4.06961475349623	5.665499006941278	5.808391436632655	5.522606577249902	333.5107019688641	0.9929903995591577
PMO20200815S-0065.fit	50	0	59077.80366898142	2459077.8036689814	NaN	NaN	0	1.48812423099	NaN	-19.48500675	60	NaN	NaN	6.70008234439319	10	14	18	1531.4638045623897	1757.9758697082598	1531.9638045623897	1298.5241302917402	21.662063850958738	-2.920112532833022	97938.3068180448	314.1592653589794	602.617683078888	162.52146189547477	8972	311.74731296285006	1064.4972222222223	360	6.70008234439319	6.415668834721301	7.289750949594208	5.541586719848394	344.6485863498357	0.9031981716801385
PMO20200815S-0066.fit	51	0	59077.80454861093	2459077.804548611	NaN	NaN	0	1.48634847408	NaN	-19.50386625	60	NaN	NaN	4.393055911181092	10	14	18	1531.4638045623897	1757.9758697082598	1531.9638045623897	1298.5241302917402	21.6620634394006	-2.920106846082562	99495.87816359353	314.1592653589794	601.87509368437	165.30984453025113	7595	316.7052165400975	1064.607142857143	364	4.393055911181092	6.13811496884064	6.32373895676441	5.9524909809168705	328.0035492898087	0.981008483872828
PMO20200815S-0067.fit	52	0	59077.805439814925	2459077.805439815	NaN	NaN	0	1.48460222007	NaN	-19.525869	60	NaN	NaN	4.870033116167946	10	14	18	1531.7676472738547	1757.9758697082598	1532.2676472738547	1298.5241302917402	21.662050263713994	-2.9200267456747167	101260.66647814075	314.1592653589792	600.9113141299762	168.5118321074551	7894	322.3227122155178	1064.7154471544716	369	4.870033116167946	6.011335905244463	6.231973262401714	5.790698548087213	341.2974719783515	0.9914833086171303
PMO20200815S-0068.fit	53	0	59077.80633101845	2459077.8063310185	NaN	NaN	0	1.48290887886	NaN	-19.538442	60	NaN	NaN	5.12092804760363	10	14	18	1532.6791754082494	1758.2797124197248	1533.1791754082494	1298.2202875802752	21.662033188561956	-2.9199309590308	101549.41760983475	314.1592653589793	608.0768720390834	167.00095379274316	8389	323.24183561416726	1065.5587392550144	349	5.12092804760363	5.911530124302413	6.435917973789534	5.387142274815291	8.688886856717303	0.9659798355135938
PMO20200815S-0069.fit	54	0	59077.80721064797	2459077.807210648	NaN	NaN	0	1.48129682689	NaN	-19.5824475	60	NaN	NaN	6.355430191119097	10	14	18	1533.590703542644	1758.2797124197248	1534.090703542644	1298.2202875802752	21.662013864731602	-2.9198816876919342	102270.46505781682	314.15926535897927	603.669607685666	169.41463303063884	8248	325.5370009251702	1064.9475138121547	362	6.355430191119097	6.324031168079184	7.0092877633362365	5.638774572822131	13.415658566848276	0.9423791788748717
PMO20200815S-0070.fit	55	0	59077.80810185196	2459077.808101852	NaN	NaN	0	1.47970774282	NaN	-19.59187725	60	NaN	NaN	5.9440074333098085	10	14	18	1534.198388965574	1757.9758697082598	1534.698388965574	1298.5241302917402	21.66199515004824	-2.9199311397929355	102570.90051219647	314.15926535897927	609.3234855919692	168.33570826922406	9697	326.49331667806183	1064.5462427745665	346	5.9440074333098085	6.371523397764195	7.542469034969863	5.200577760558526	3.9688695115089825	0.871128253120034
PMO20200815S-0071.fit	56	0	59077.808981481474	2459077.8089814815	NaN	NaN	0	1.47819035202	NaN	-19.642169250000002	60	NaN	NaN	7.463902382282352	10	14	18	1535.1099170999687	1757.9758697082598	1535.6099170999687	1298.5241302917402	21.66197334143867	-2.9199232382249733	102996.85057564033	314.15926535897927	604.6606501656095	170.33827246312572	10938	327.8491578402097	1063.5766016713092	359	7.463902382282352	6.6610551835280205	8.256194615292236	5.065915751763806	5.802282979742924	0.7861670135176992
PMO20200815S-0072.fit	57	0	59077.809872685	2459077.809872685	NaN	NaN	0	1.47670446059	NaN	-19.66102875	60	NaN	NaN	6.209754702877877	10	14	18	1535.1099170999687	1757.9758697082598	1535.6099170999687	1298.5241302917402	21.661966755930774	-2.9198762524766173	103222.65892946883	314.15926535897927	600.213353440594	171.97661187937112	10012	328.56792815427474	1065.5026737967914	374	6.209754702877877	6.084241332031009	7.157009794012069	5.01147287004995	12.803957869643078	0.8561622141923806
PMO20200815S-0073.fit	58	0	59077.81076388899	2459077.810763889	NaN	NaN	0	1.47527011561	NaN	-19.670458500000002	60	NaN	NaN	4.392765144722235	10	14	18	1535.1099170999687	1757.9758697082598	1535.6099170999687	1298.5241302917402	21.661970378075516	-2.9198210766127377	102312.19511755381	314.15926535897927	600.8120436249085	170.2898538788748	9689	325.66983183082345	1065.4123989218328	371	4.392765144722235	5.518650229714493	5.732176008043791	5.305124451385194	32.54772957412521	0.9663326313635714
PMO20200815S-0074.fit	59	0	59077.81164351851	2459077.8116435185	NaN	NaN	0	1.47390470643	NaN	-19.7081775	60	NaN	NaN	3.459457873215997	10	14	18	1535.1099170999687	1757.9758697082598	1535.6099170999687	1298.5241302917402	21.6619758661126	-2.919818711011904	103344.36752629909	314.15926535897927	607.7139371551195	170.05429891913167	10441	328.955338650321	1065.7414772727273	352	3.459457873215997	5.130492901418059	4.943100612941647	5.3178851898944695	84.12442777248299	0.9944475441073267
PMO20200815S-0075.fit	60	0	59077.812534722034	2459077.812534722	NaN	NaN	0	1.47257206668	NaN	-19.701891	60	NaN	NaN	4.056542829171871	10	14	18	1536.3252879458282	1756.7604988624003	1536.8252879458282	1299.7395011375997	21.661943537833473	-2.9201123283321166	102868.12859310798	314.15926535897944	608.1589463431845	169.14678179388224	9608	327.4394230441173	1065.3314285714287	350	4.056542829171871	5.5715117654327955	5.80310447470374	5.339919056161851	332.74326521382926	0.9795618098642307
PMO20200815S-0076.fit	61	0	59077.813715277705	2459077.8137152777	NaN	NaN	0	1.4708774004	NaN	-19.70503425	60	NaN	NaN	3.3934139205449245	10	14	18	1536.3252879458282	1756.7604988624003	1536.8252879458282	1299.7395011375997	21.66194133248512	-2.9200995686646785	103788.2172228017	314.15926535897944	604.4041274527762	171.7199014841456	8136	330.3681561140854	1065.6878453038673	362	3.3934139205449245	5.6242732251287455	5.428670509581452	5.819875940676039	273.15444951331335	0.9951145650547473
PMO20200815S-0077.fit	62	0	59077.81460648123	2459077.814606481	NaN	NaN	0	1.46966262589	NaN	-19.651599	60	NaN	NaN	3.2663563470335872	10	14	18	1536.3252879458282	1756.7604988624003	1536.8252879458282	1299.7395011375997	21.661929462679456	-2.9200476822908104	103945.80271084403	314.15926535897944	609.0248597880941	170.67579597163117	9027	330.8697663017151	1065.7965616045844	349	3.2663563470335872	5.476256873047278	5.4379187879419	5.514594958152656	80.96812116713404	0.9997831234338781
PMO20200815S-0078.fit	63	0	59077.815497685224	2459077.815497685	NaN	NaN	0	1.46849819728	NaN	-19.5950205	60	NaN	NaN	3.487503365293242	10	14	18	1536.3252879458282	1756.7604988624003	1536.8252879458282	1299.7395011375997	21.66192555139666	-2.9199621764432937	103938.91612263134	314.15926535897944	603.6134560996697	172.19449810520587	9500	330.8478456106134	1064.892857142857	364	3.487503365293242	5.559041710782258	5.843325744791971	5.274757676772544	0.0922394484352982	0.9895935884414846
PMO20200815S-0079.fit	64	0	59077.81637731474	2459077.8163773147	NaN	NaN	0	1.46739806892	NaN	-19.513296	60	NaN	NaN	3.32293546720948	10	14	18	1536.3252879458282	1756.7604988624003	1536.8252879458282	1299.7395011375997	21.661907614375554	-2.919960152278193	104304.22581872996	314.15926535897944	610.1200385101795	170.9568924722175	10484	332.0106624884832	1065.2196531791908	346	3.32293546720948	5.142134910674191	5.186161490829961	5.09810833051842	1.5583246583226067	0.9997059474429553
PMO20200815S-0080.fit	65	0	59077.817268518265	2459077.8172685183	NaN	NaN	0	1.46633310307	NaN	-19.42214175	60	NaN	NaN	4.2419017683849045	10	14	18	1536.3252879458282	1756.7604988624003	1536.8252879458282	1299.7395011375997	21.661907118317178	-2.919922393496903	103450.32516428968	314.15926535897944	606.6187904957329	170.53597215435641	10480	329.29261228721174	1066.9691011235955	356	4.2419017683849045	5.389103857167142	5.681480706904163	5.096727007430121	352.39306219253405	0.9874296409029873
PMO20200815S-0081.fit	66	0	59077.81815972226	2459077.8181597223	NaN	NaN	0	1.46532545185	NaN	-19.343560500000002	60	NaN	NaN	5.836279979193694	10	14	18	1536.3252879458282	1756.7604988624003	1536.8252879458282	1299.7395011375997	21.661907429979628	-2.9200108306503156	103834.94508430478	314.15926535897944	611.5591390336509	169.78725107170916	10277	330.516895516852	1064.1436950146629	341	5.836279979193694	5.820537342488123	6.610226181099564	5.0308485038766815	6.088647664635951	0.9257032465609446
PMO20200815S-0082.fit	67	0	59077.81903935177	2459077.819039352	NaN	NaN	0	1.4643720943	NaN	-19.25240625	60	NaN	NaN	3.404711865897737	10	14	18	1537.5406587916877	1756.7604988624003	1538.0406587916877	1299.7395011375997	21.661881686969544	-2.920008290517472	102857.45168037002	314.15926535897955	606.3378264463623	169.63720090365987	9842	327.40543737533307	1065.1295774647888	355	3.404711865897737	5.469991280225221	5.745618440404049	5.194364120046393	12.490697899113554	0.9877016947309547
PMO20200815S-0083.fit	68	0	59077.819930555765	2459077.8199305558	NaN	NaN	0	1.46345532248	NaN	-19.154965500000003	60	NaN	NaN	4.097427115750602	10	14	18	1537.5406587916877	1756.7604988624003	1538.0406587916877	1299.7395011375997	21.661878754425164	-2.9200627693863637	101701.24907049193	314.15926535897955	601.3460589255161	169.12266665921368	8322	323.7251301637761	1065.9349593495936	369	4.097427115750602	6.08472634379936	6.72410989329861	5.44534279430011	13.38462139867989	0.945796513189569
PMO20200815S-0084.fit	69	0	59077.82082175929	2459077.8208217593	NaN	NaN	0	1.4625878492	NaN	-19.08895725	60	NaN	NaN	6.811835668826237	10	14	18	1537.5406587916877	1756.7604988624003	1538.0406587916877	1299.7395011375997	21.6618811014816	-2.919932687281095	101627.93980881094	314.15926535897955	608.5475829708103	167.00081086951857	7701	323.49177953635717	1065.9137931034484	348	6.811835668826237	7.260053372240245	8.80745708477323	5.712649659707261	357.07159882085836	0.8319862179383326
PMO20200815S-0085.fit	70	0	59077.821701388806	2459077.821701389	NaN	NaN	0	1.46177984146	NaN	-18.99465975	60	NaN	NaN	6.236979759985259	10	14	18	1538.1483442146175	1756.4566561509353	1538.6483442146175	1300.0433438490647	21.661857314221727	-2.920097012053569	103393.40274716332	314.1592653589792	610.5941877531609	169.3324385016275	9967	329.11142260604396	1065.5639534883721	344	6.236979759985259	6.2488980597797585	7.204942271837065	5.292853847722451	13.912212444707748	0.8857036710204058
PMO20200815S-0086.fit	71	0	59077.82267361088	2459077.822673611	NaN	NaN	0	1.46094233169	NaN	-18.90036225	60	NaN	NaN	6.062185453397843	10	14	18	1538.1483442146175	1756.4566561509353	1538.6483442146175	1300.0433438490647	21.66184238556352	-2.920012736716733	104141.50138073554	314.1592653589792	623.7673230609494	166.95568608771077	10737	331.4926945151102	1065.4551282051282	312	6.062185453397843	6.109267366758378	7.179337923270131	5.039196810246626	2.736073423536644	0.8834192426998725
PMO20200815S-0087.fit	72	0	59077.82356481487	2459077.823564815	NaN	NaN	0	1.46021822929	NaN	-18.79349175	60	NaN	NaN	7.390113238739029	10	14	18	1538.1483442146175	1756.4566561509353	1538.6483442146175	1300.0433438490647	21.66183810987036	-2.919961414230804	103540.88423786068	314.1592653589792	604.3714668835265	171.31994131320383	10750	329.5808707712249	1065.9613259668508	362	7.390113238739029	6.684017177788995	8.354113752242737	5.013920603335253	357.2245926334611	0.77666940109293
PMO20200815S-0088.fit	73	0	59077.824444444384	2459077.8244444444	NaN	NaN	0	1.45956622065	NaN	-18.69290775	60	NaN	NaN	7.158803793495602	10	14	18	1543.009827598056	1755.8489707280055	1543.509827598056	1300.6510292719945	21.661741653920892	-2.920085165740589	104658.61807735427	314.1592653589793	602.0247563234028	173.8443759630584	10295	333.13872808355455	1065.4216216216216	370	7.158803793495602	6.625261115338375	8.043254723875148	5.207267506801603	352.56227713450545	0.8206475921748088
PMO20200815S-0089.fit	74	0	59077.82533564791	2459077.825335648	NaN	NaN	0	1.45894637778	NaN	-18.5766075	60	NaN	NaN	5.2052904079065305	10	14	18	1543.009827598056	1755.8489707280055	1543.509827598056	1300.6510292719945	21.66173956441451	-2.920076466544905	105718.73739932379	314.1592653589793	601.765889611946	175.68084071281845	10668	336.5131926907281	1065.3602150537633	372	5.2052904079065305	5.993500905040533	6.671760956004054	5.315240854077013	346.6482552965353	0.9374249992060828
PMO20200815S-0090.fit	75	0	59077.82621527789	2459077.826215278	NaN	NaN	0	1.45838218703	NaN	-18.4257315	60	NaN	NaN	4.206504549552193	10	14	18	1543.009827598056	1755.8489707280055	1543.509827598056	1300.6510292719945	21.66173448532736	-2.92007141443592	104818.84741025855	314.1592653589793	606.5294539171894	172.8174068601286	8574	333.6487538907552	1067.3798882681565	358	4.206504549552193	5.751022857124706	6.139007191054183	5.363038523195231	347.7152255577681	0.9781883074819133
PMO20200815S-0091.fit	76	0	59077.82710648142	2459077.8271064814	NaN	NaN	0	1.45785870776	NaN	-18.30314475	60	NaN	NaN	3.2403540889123414	10	14	18	1543.009827598056	1755.5451280165407	1543.509827598056	1300.9548719834593	21.661731288883182	-2.9201149144556644	106636.45175967435	314.15926535897944	614.0206885379722	173.66915113818638	11801	339.43436822665217	1065.423076923077	338	3.2403540889123414	5.155114788191003	5.239607302546698	5.070622273835309	324.07118761537726	0.988923388891316
PMO20200815S-0092.fit	77	0	59077.827997684944	2459077.827997685	NaN	NaN	0	1.45738359105	NaN	-18.167985	60	NaN	NaN	3.050078586727538	10	14	18	1543.009827598056	1755.5451280165407	1543.509827598056	1300.9548719834593	21.66172622388802	-2.920134117665236	106453.86545012903	314.15926535897944	609.1868046595677	174.7474906479938	10088	338.8531779525513	1065.5413105413106	351	3.050078586727538	5.262844839478568	5.100836796484221	5.424852882472915	278.6036689393527	0.9958538608516602
PMO20200815S-0093.fit	78	0	59077.828877314925	2459077.828877315	NaN	NaN	0	1.45695453695	NaN	-18.0108225	60	NaN	NaN	4.146516595231233	10	14	18	1544.5290411553806	1755.2412853050757	1545.0290411553806	1301.2587146949243	21.66169882687865	-2.920080061384662	106081.74959327024	314.15926535897927	608.5326746788427	174.3238350336005	10510	337.6686963921124	1066.416430594901	353	4.146516595231233	5.6890769849870395	5.982480823387855	5.395673146586224	343.60554445394644	0.9850256432265313
PMO20200815S-0094.fit	79	0	59077.82976851845	2459077.8297685185	NaN	NaN	0	1.45658274553	NaN	-17.85366	60	NaN	NaN	3.429190074231816	10	14	18	1544.5290411553806	1755.2412853050757	1545.0290411553806	1301.2587146949243	21.6616895622816	-2.9200923945968116	106555.93537073437	314.15926535897927	606.5763479253648	175.66780461384784	10977	339.1780766006582	1066.200557103064	359	3.429190074231816	5.311680831964139	5.368340196062743	5.255021467865535	332.90957179942893	0.998671414583196
PMO20200815S-0095.fit	80	0	59077.83064814797	2459077.830648148	NaN	NaN	0	1.45625564131	NaN	-17.6713515	60	NaN	NaN	2.912020458470254	10	14	18	1544.5290411553806	1755.2412853050757	1545.0290411553806	1301.2587146949243	21.66169032529001	-2.9199930015884488	106501.74362025829	314.15926535897927	611.1094788756668	174.27604594875967	10597	339.00557890139675	1065.9884393063585	346	2.912020458470254	5.123653929989581	5.160438669917276	5.086869190061887	345.92142411423436	0.9997347886536166
PMO20200815S-0096.fit	81	0	59077.83223379636	2459077.8322337964	NaN	NaN	0	1.45578432041	NaN	-17.3444535	60	NaN	NaN	3.254428806934713	10	14	18	1545.74441200124	1754.633599882146	1546.24441200124	1301.866400117854	21.66165649922237	-2.920233893731601	106100.66784909548	314.1592653589794	601.8199075412958	176.29969783246997	10077	337.72891507069755	1066.4128686327078	373	3.254428806934713	5.5159458045295615	5.407928158338301	5.623963450720823	303.36805553714225	0.9901744757530535
PMO20200815S-0097.fit	82	0	59077.83311342588	2459077.833113426	NaN	NaN	0	1.45558842433	NaN	-17.24701275	60	NaN	NaN	3.602495552936293	10	14	18	1546.048254712705	1754.633599882146	1546.548254712705	1301.866400117854	21.661643839480085	-2.920182311008946	105831.56183714332	314.1592653589794	604.0484992505827	175.20374931556663	9409	336.8723240303389	1066.655737704918	366	3.602495552936293	5.458697868371664	5.431517445796381	5.485878290946948	311.8832404968092	0.9915886516955696
PMO20200815S-0098.fit	83	0	59077.8340393519	2459077.834039352	NaN	NaN	0	1.45543271998	NaN	-17.22186675	60	NaN	NaN	3.1517233392301867	10	14	18	1546.048254712705	1754.633599882146	1546.548254712705	1301.866400117854	21.6616429848337	-2.9202088998210947	106098.00761280186	314.1592653589794	609.855527404276	173.9723636914239	9732	337.7204472755791	1065.922636103152	349	3.1517233392301867	5.42525198144703	5.294751755306376	5.555752207587683	62.3005725427077	0.9928310193105748
PMO20200815S-0099.fit	84	0	59077.83491898142	2459077.8349189814	NaN	NaN	0	1.45533275289	NaN	-17.27844525	60	NaN	NaN	3.3688719058511776	10	14	18	1546.048254712705	1754.633599882146	1546.548254712705	1301.866400117854	21.66163270239208	-2.9202603510881837	105759.17661821854	314.1592653589794	611.3114064628901	173.00376780167065	10022	336.6419147223655	1066.486956521739	345	3.3688719058511776	5.717095338371552	5.475976669806791	5.958214006936314	64.23703054225719	0.981684337586445
PMO20200815S-0117.fit	85	0	59077.881759259384	2459077.8817592594	NaN	NaN	0	1.51751981613	NaN	-19.37813625	60	NaN	NaN	3.024231761123776	10	14	18	1361.3521798569586	1714.1528134394705	1361.8521798569586	1342.3471865605295	21.660920346285796	-2.9201049437259656	84974.62278761575	314.15926535897916	597.5742956145428	142.19926026140098	8122	270.48262508036527	1063.8972222222221	360	3.024231761123776	5.337280282020544	5.316495294011149	5.358065270029937	290.0159722059882	0.9998965322506518
PMO20200815S-0118.fit	86	0	59077.88265046291	2459077.882650463	NaN	NaN	0	1.52017062457	NaN	-19.356133500000002	60	NaN	NaN	3.349928956066023	10	14	18	1360.2472972698135	1714.1528134394705	1360.7472972698135	1342.3471865605295	21.6609001535007	-2.9201703667113676	87373.62044601701	314.1592653589792	608.8852471355833	143.4976801573928	7784	278.1188717963741	1064.039156626506	332	3.349928956066023	5.339612447544199	5.352832553181292	5.3263923419071055	323.5471302715089	0.9997162250002803
PMO20200815S-0119.fit	87	0	59077.883530092426	2459077.8835300924	NaN	NaN	0	1.5228453654	NaN	-19.387566	60	NaN	NaN	3.166238885275418	10	14	18	1360.2472972698135	1714.1528134394705	1360.7472972698135	1342.3471865605295	21.660902293736747	-2.920151241182366	88203.87234299775	314.1592653589792	602.7245837051681	146.34191922416096	8537	280.76164566469225	1064.0315186246419	349	3.166238885275418	5.494442054606122	5.645056763904757	5.343827345307488	25.918154986179623	0.99213960566354
PMO20200815S-0120.fit	88	0	59077.88442129642	2459077.8844212964	NaN	NaN	0	1.52561492242	NaN	-19.41585525	60	NaN	NaN	3.71969683621257	10	14	18	1357.7613114487372	1713.6003721458978	1358.2613114487372	1342.8996278541022	21.66086037892988	-2.9201259423114996	88542.97420900065	314.15926535897927	598.7707859401645	147.87457285507713	9456	281.8410404284131	1064.7229916897506	361	3.71969683621257	5.4175277625569915	5.668361280749872	5.16669424436411	350.9948796322153	0.990559247234411
PMO20200815S-0121.fit	89	0	59077.885312499944	2459077.8853125	NaN	NaN	0	1.52845316597	NaN	-19.4315715	60	NaN	NaN	3.4244833325622324	10	14	18	1357.7613114487372	1713.6003721458978	1358.2613114487372	1342.8996278541022	21.660867501910086	-2.920222695200197	89177.05773928575	314.15926535897927	608.7213684869579	146.49897696370488	9571	283.85939099197384	1065.5641791044777	335	3.4244833325622324	5.262575967508226	5.231289204538889	5.293862730477564	52.38005400268332	0.9978220468335917
PMO20200815S-0122.fit	90	0	59077.88619212946	2459077.8861921295	NaN	NaN	0	1.53130638142	NaN	-19.4567175	60	NaN	NaN	3.1249696906161466	10	14	18	1356.3802082148056	1713.0479308523254	1356.8802082148056	1343.4520691476746	21.660845282108987	-2.920113953729496	90703.99095838907	314.15926535897927	595.0089077125282	152.44140009112547	9386	288.7197703838041	1064.936	375	3.1249696906161466	5.192845755014174	5.2591736829713795	5.1265178270569685	335.13223854126215	0.9984382575673088
PMO20200815S-0123.fit	91	0	59077.88708333345	2459077.8870833335	NaN	NaN	0	1.53425832589	NaN	-19.48815	60	NaN	NaN	3.4968928706731304	10	14	18	1356.3802082148056	1713.0479308523254	1356.8802082148056	1343.4520691476746	21.66085188880484	-2.9201520475990534	92482.59748595103	314.15926535897927	599.6920066133825	154.21682541380605	9205	294.381250797344	1063.6823204419888	362	3.4968928706731304	5.411031382799083	5.765669796563705	5.0563929690344604	12.14055261085436	0.9794979175146648
PMO20200815S-0124.fit	92	0	59077.88796296297	2459077.887962963	NaN	NaN	0	1.53722459688	NaN	-19.494436500000003	60	NaN	NaN	3.175512617321196	10	14	18	1353.8942223937293	1713.0479308523254	1354.3942223937293	1343.4520691476746	21.660807502385733	-2.9202083081416164	94222.05446144677	314.1592653589792	606.838531431688	155.26709261383374	10409	299.9181143162606	1064.0872093023256	344	3.175512617321196	5.283393932461312	5.554472095911355	5.01231576901127	342.3992877376717	0.984312395449046
PMO20200815S-0125.fit	93	0	59077.88885416649	2459077.8888541665	NaN	NaN	0	1.5403005329	NaN	-19.547871750000002	60	NaN	NaN	7.32480764802737	10	14	18	1355.8277669212332	1712.771710205539	1356.3277669212332	1343.728289794461	21.66085083858757	-2.920171323572451	93976.14277368912	314.15926535897944	600.0819267735255	156.60552098106476	10478	299.13535310284635	1064.4159779614324	363	7.32480764802737	6.517343190008914	8.1239021589114	4.910784221106427	7.488342350277855	0.7685315755799024
PMO20200815S-0126.fit	94	0	59077.889745370485	2459077.8897453705	NaN	NaN	0	1.5434397515	NaN	-19.58559075	60	NaN	NaN	8.98968521891953	10	14	18	1355.8277669212332	1712.771710205539	1356.3277669212332	1343.728289794461	21.66084940076958	-2.9201928758788793	95603.8086858528	314.15926535897944	596.9956005240958	160.14156319062195	10956	304.3163746153069	1064.0213903743315	374	8.98968521891953	7.288378548789623	9.6206970968931	4.956060000686148	7.695797136296537	0.6374083751273828
PMO20200815S-0127.fit	95	0	59077.891041666735	2459077.8910416667	NaN	NaN	0	1.54812846257	NaN	-19.61073675	60	NaN	NaN	6.438677802521138	10	14	18	1349.474692045149	1712.771710205539	1349.974692045149	1343.728289794461	21.66074640846311	-2.9203699990225997	96619.43936048524	314.1592653589792	601.1157782020799	160.73349405246225	9637	307.54922745977734	1064.5674931129477	363	6.438677802521138	6.094841511494058	6.7400024762228785	5.449680546765237	331.8771531006542	0.8580232308458527
PMO20200815S-0128.fit	96	0	59077.89192129625	2459077.8919212963	NaN	NaN	0	1.55138236867	NaN	-19.645312500000003	60	NaN	NaN	3.7310733196905135	10	14	18	1349.474692045149	1712.771710205539	1349.974692045149	1343.728289794461	21.66075493129403	-2.9203582694552406	97190.48196643719	314.1592653589792	608.0472198713733	159.84035250913067	9859	309.36691252884395	1064.5232558139535	344	3.7310733196905135	5.287164849592334	5.140250974510199	5.434078724674469	302.9867594913273	0.981398762947118
PMO20200815S-0129.fit	97	0	59077.89281249978	2459077.8928125	NaN	NaN	0	1.55474407065	NaN	-19.67988825	60	NaN	NaN	4.615618712612845	10	14	18	1348.0935888112176	1713.0479308523254	1348.5935888112176	1343.4520691476746	21.660735917893035	-2.920471598303874	99043.46716962528	314.15926535897927	611.5773094167424	161.94758315033374	9873	315.26514762011436	1063.6666666666667	336	4.615618712612845	5.720155085554884	5.476815879148476	5.963494291961291	304.52725594111075	0.9435588780810775
PMO20200815S-0130.fit	98	0	59077.89370370377	2459077.893703704	NaN	NaN	0	1.55817182914	NaN	-19.7207505	60	NaN	NaN	3.278984511424922	10	14	18	1347.2649268708587	1712.2192689119665	1347.7649268708587	1344.2807310880335	21.660727441460928	-2.920344477909002	100072.4982646117	314.15926535897916	604.2332469740412	165.61898698187815	12215	318.54065532736155	1063.498599439776	357	3.278984511424922	5.181980193812679	5.033379291801514	5.3305810958238435	301.6409649141309	0.98375411460265
PMO20200815S-0131.fit	99	0	59077.894583333284	2459077.8945833333	NaN	NaN	0	1.56162049488	NaN	-19.74903975	60	NaN	NaN	3.818860050585852	10	14	18	1346.1600442837137	1710.2857243844626	1346.6600442837137	1346.2142756155374	21.660711023606623	-2.9199883285668378	100425.82224320114	314.1592653589793	611.2729955247431	164.2896430538229	10139	319.6653204814695	1063.4497041420118	338	3.818860050585852	5.038563501658003	5.198168686700534	4.878958316615472	28.26698290215611	0.9868274805731632
PMO20200815S-0132.fit	100	0	59077.89547453681	2459077.895474537	NaN	NaN	0	1.56518149998	NaN	-19.805618250000002	60	NaN	NaN	3.1388612841194785	10	14	18	1346.1600442837137	1710.5619450312488	1346.6600442837137	1345.9380549687512	21.660710072124825	-2.920117754074404	101065.4434833756	314.1592653589794	602.1276489670447	167.84720591514815	9833	321.70129812307607	1064.5808219178082	365	3.1388612841194785	4.861621767670372	5.018656099668234	4.704587435672511	19.089073343496956	0.9932604083492949
PMO20200815S-0133.fit	101	0	59077.8963657408	2459077.896365741	NaN	NaN	0	1.56881060473	NaN	-19.849623750000003	60	NaN	NaN	3.282814104470466	10	14	18	1344.7789410497821	1710.0095037376764	1345.2789410497821	1346.4904962623236	21.66069490901642	-2.920035808074448	101057.06320125668	314.1592653589792	602.2876789003947	167.7886942428542	10680	321.6746228566017	1065.3205479452056	365	3.282814104470466	4.994445100177696	5.051763514255173	4.9371266861002185	337.71042230530725	0.9989618593965685
PMO20200815S-0134.fit	102	0	59077.89724537032	2459077.8972453703	NaN	NaN	0	1.5724600544	NaN	-19.91248875	60	NaN	NaN	4.2920815232863045	10	14	18	1344.502720402996	1708.9046211505313	1345.002720402996	1347.5953788494687	21.660694351036444	-2.9197840351128317	101626.66320565349	314.1592653589792	618.2126933836914	164.38786245137686	11021	323.4877159823	1063.9285714285713	322	4.2920815232863045	5.434752195285485	5.176340704940437	5.693163685630533	300.6495201620518	0.9609654429405384
PMO20200815S-0135.fit	103	0	59077.898136573844	2459077.898136574	NaN	NaN	0	1.57622661592	NaN	-19.953351	60	NaN	NaN	3.5553948044278214	10	14	18	1342.569175875492	1708.6284005037448	1343.069175875492	1347.8715994962552	21.660662215513533	-2.919847962156242	102066.81948441267	314.1592653589794	602.5435574537554	169.39326331150124	10408	324.888776932249	1064.7534246575342	365	3.5553948044278214	5.392938566104894	5.221971309647273	5.563905822562513	63.59317301536255	0.9890175262871931
PMO20200815S-0136.fit	104	0	59077.899016203824	2459077.899016204	NaN	NaN	0	1.58001319131	NaN	-19.997356500000002	60	NaN	NaN	5.787446135605061	10	14	18	1341.1880726415607	1707.7997385633862	1341.6880726415607	1348.7002614366138	21.660638574551033	-2.9197105822481255	102703.16644949309	314.1592653589794	604.7858520257802	169.81740909692306	11000	326.91433223253046	1064.6406685236768	359	5.787446135605061	5.887917457111625	5.473270186953891	6.30256472726936	58.23551948147403	0.9011393714564965
PMO20200815S-0137.fit	105	0	59077.89990740735	2459077.8999074074	NaN	NaN	0	1.58392018587	NaN	-20.038218750000002	60	NaN	NaN	3.739834075841641	10	14	18	1341.1880726415607	1708.3521798569586	1341.6880726415607	1348.1478201430414	21.66064414020729	-2.9199371259561175	102531.45446965582	314.1592653589794	608.9996039276523	168.3604616626915	9816	326.3677560249465	1064.7982708933719	347	3.739834075841641	5.199511089286089	5.1494653310546905	5.249556847517488	301.01896612868563	0.9983147946175729
PMO20200815S-0138.fit	106	0	59077.90079861088	2459077.900798611	NaN	NaN	0	1.58789902676	NaN	-20.06336475	60	NaN	NaN	5.798814203666914	10	14	18	1339.530748760843	1707.2472972698135	1340.030748760843	1349.2527027301865	21.660616844610672	-2.9196856722169438	102762.49793153291	314.15926535897944	603.1024858094647	170.38977677833378	10156	327.1031902054825	1064.5851648351647	364	5.798814203666914	5.777495504574297	5.199410567148907	6.355580441999688	64.86136478987626	0.9038807437134522
PMO20200815S-0139.fit	107	0	59077.90167824086	2459077.901678241	NaN	NaN	0	1.59189743976	NaN	-20.0602215	60	NaN	NaN	4.973813476646312	10	14	18	1339.530748760843	1707.2472972698135	1340.030748760843	1349.2527027301865	21.660624365374897	-2.919789289967804	102470.89973812929	314.15926535897944	607.4941152442276	168.6780121268063	9315	326.1750043279455	1064.6210826210827	351	4.973813476646312	5.876811093947325	5.702503641195559	6.051118546699089	304.5195020590555	0.9725508898293845
PMO20200815S-0140.fit	108	0	59077.902569444384	2459077.9025694444	NaN	NaN	0	1.59602146136	NaN	-20.041362000000003	60	NaN	NaN	4.41254816929005	10	14	18	1338.1496455269116	1707.2472972698135	1338.6496455269116	1349.2527027301865	21.660603988622128	-2.9198803684104084	103728.10711856169	314.1592653589795	607.4815594992368	170.75103844150846	10057	330.176819709694	1064.0511363636363	352	4.41254816929005	5.319284577457185	5.176411258358231	5.462157896556139	291.7292277223073	0.9945310020119065
PMO20200815S-0141.fit	109	0	59077.90346064791	2459077.903460648	NaN	NaN	0	1.60021980562	NaN	-19.98164025	60	NaN	NaN	3.686977165898307	10	14	18	1336.2161009994077	1708.0759592101724	1336.7161009994077	1348.4240407898276	21.660576317114582	-2.920195892617897	103286.34140887775	314.1592653589793	601.6662466589954	171.66716926937244	8998	328.7706357820002	1064.6666666666667	369	3.686977165898307	5.290535778631933	5.5156228975263755	5.065448659737491	347.45513546607043	0.9912042002561473
PMO20200815S-0142.fit	110	0	59077.90459490754	2459077.9045949075	NaN	NaN	0	1.60567201339	NaN	-19.86534	60	NaN	NaN	3.894385192319849	10	14	18	1334.8349977654764	1708.3521798569586	1335.3349977654764	1348.1478201430414	21.66055418603728	-2.920344339319608	103737.28775054967	314.1592653589793	604.4597225515662	171.61985138174344	11233	330.2060425689261	1064.4930747922438	361	3.894385192319849	5.5103060683421035	5.718800154797787	5.301811981886419	326.4347786330261	0.962193121189998
PMO20200815S-0143.fit	111	0	59077.90547453705	2459077.905474537	NaN	NaN	0	1.6099852864	NaN	-19.77418575	60	NaN	NaN	5.3491325963111285	10	14	18	1333.453894531545	1708.3521798569586	1333.953894531545	1348.1478201430414	21.6605339236106	-2.9203864270658886	103602.85371763154	314.1592653589793	608.939887704228	170.13642201732912	11585	329.7781257517521	1064.367816091954	348	5.3491325963111285	5.788038130767955	6.0890236292766575	5.487052632259251	324.52637139667064	0.8990421076026838
PMO20200815S-0144.fit	112	0	59077.90636574058	2459077.9063657406	NaN	NaN	0	1.61443204993	NaN	-19.69246125	60	NaN	NaN	3.9573500109099693	10	14	18	1333.453894531545	1708.3521798569586	1333.953894531545	1348.1478201430414	21.660535516308407	-2.9204652542178993	103950.43186538812	314.1592653589793	600.8325777267894	173.01064509297706	10760	330.88450135827577	1064.1505376344087	372	3.9573500109099693	5.530999736006509	5.194868987773775	5.867130484239241	296.412733924919	0.9598356206885105
PMO20200815S-0145.fit	113	0	59077.90724537056	2459077.9072453706	NaN	NaN	0	1.61889772016	NaN	-19.626453	60	NaN	NaN	4.439451670592136	10	14	18	1333.453894531545	1708.3521798569586	1333.953894531545	1348.1478201430414	21.660543503451798	-2.9205271268731003	103637.6478765643	314.1592653589793	606.96212966069	170.7481287745264	9965	329.88887899944956	1065.045197740113	354	4.439451670592136	5.830774920578723	5.312082861852105	6.349466979305341	65.47613839205171	0.9274683984941917
PMO20200815S-0146.fit	114	0	59077.908136574086	2459077.908136574	NaN	NaN	0	1.62350076118	NaN	-19.54158525	60	NaN	NaN	3.1496044141207773	10	14	18	1331.244129357255	1706.6948559762411	1331.744129357255	1349.8051440237589	21.66050887736063	-2.920190769284926	103352.4654295019	314.15926535897916	608.0083589765298	169.9852706029844	11744	328.98111507678925	1065.4501424501425	351	3.1496044141207773	4.908298725602847	5.012972185077727	4.803625266127969	342.82507297057384	0.9973335783729321
PMO20200815S-0147.fit	115	0	59077.90902777761	2459077.9090277776	NaN	NaN	0	1.62818391184	NaN	-19.478720250000002	60	NaN	NaN	3.1252228444755934	10	14	18	1331.244129357255	1706.6948559762411	1331.744129357255	1349.8051440237589	21.660509513498063	-2.9202639702464186	103714.51845692529	314.15926535897916	612.6397715108765	169.2911940750226	10793	330.1335656563056	1065.7905604719765	339	3.1252228444755934	5.022048049692604	5.024151922638088	5.019944176747119	44.406480546455334	0.9983642586814642
PMO20200815S-0148.fit	116	0	59077.90990740759	2459077.9099074076	NaN	NaN	0	1.63288578618	NaN	-19.39070925	60	NaN	NaN	5.261484169728286	10	14	18	1330.415467416896	1707.2472972698135	1330.915467416896	1349.2527027301865	21.660503551066327	-2.920574331566097	103445.56577679049	314.1592653589792	607.2559287328472	170.34920678773605	11262	329.2774626862803	1065.1048158640226	353	5.261484169728286	5.954062086777739	5.1809668925981045	6.727157280957374	69.55700516616781	0.8858914086096155
PMO20200815S-0149.fit	117	0	59077.91079861112	2459077.910798611	NaN	NaN	0	1.63773113422	NaN	-19.3058415	60	NaN	NaN	8.12874611871464	10	14	18	1330.9679087104685	1706.6948559762411	1331.4679087104685	1349.8051440237589	21.660515536235785	-2.920585828470295	102183.9732508281	314.1592653589794	602.7260532958414	169.53634688937566	7277	325.26168895278596	1065.3808219178081	365	8.12874611871464	7.719628070539234	8.053012850451744	7.386243290626725	39.18115662223893	0.8173444403844149
PMO20200815S-0150.fit	118	0	59077.911689814646	2459077.9116898146	NaN	NaN	0	1.64265967904	NaN	-19.2178305	60	NaN	NaN	8.34652879176636	10	14	18	1330.1392467701096	1706.4186353294547	1330.6392467701096	1350.0813646705453	21.660509888770882	-2.920574130486352	103623.90680959437	314.15926535897927	610.4562430718455	169.74829561600325	10031	329.8451398248172	1064.5639534883721	344	8.34652879176636	7.6762477444608965	8.41652720798974	6.9359682809320535	35.238997630703686	0.6729751670269521
PMO20200815S-0151.fit	119	0	59077.91256944463	2459077.9125694446	NaN	NaN	0	1.64760686085	NaN	-19.123533000000002	60	NaN	NaN	3.2621450966800705	10	14	18	1325.443495774743	1703.9326495083783	1325.943495774743	1352.5673504916217	21.660431766142253	-2.9200804808119236	103137.80316550448	314.15926535897944	607.6341543400198	169.73667860643437	11630	328.29782386857926	1065.7301136363637	352	3.2621450966800705	5.182087254591806	5.66829355919934	4.6958809499842715	7.804095251484152	0.9626995166806932
PMO20200815S-0152.fit	120	0	59077.91346064815	2459077.913460648	NaN	NaN	0	1.65271348059	NaN	-19.029235500000002	60	NaN	NaN	3.113064247756798	10	14	18	1324.6148338343842	1703.9326495083783	1325.1148338343842	1352.5673504916217	21.660422498263603	-2.920212419290946	103709.85302724835	314.15926535897927	606.9941831632625	170.85806734881615	11417	330.11871513241084	1065.0677966101696	354	3.113064247756798	5.223339029111046	5.593229806019874	4.853448252202218	345.9030446008451	0.9744338549447178
PMO20200815S-0153.fit	121	0	59077.91434027767	2459077.9143402777	NaN	NaN	0	1.65782927139	NaN	-18.922365000000003	60	NaN	NaN	3.312737027877411	10	14	18	1324.6148338343842	1703.9326495083783	1325.1148338343842	1352.5673504916217	21.660428519436255	-2.9202588244592302	102930.10611869622	314.15926535897927	618.4781248178044	166.4248127595751	10017	327.63670363527694	1064.814241486068	323	3.312737027877411	5.234134492730754	5.225502911571414	5.242766073890094	47.57214725658888	0.998646963486403
PMO20200815S-0154.fit	122	0	59077.91523148166	2459077.9152314817	NaN	NaN	0	1.66309947563	NaN	-18.81863775	60	NaN	NaN	4.356496660549926	10	14	18	1324.0623925408117	1703.9326495083783	1324.5623925408117	1352.5673504916217	21.660426903270544	-2.920315833505754	102649.2389455323	314.1592653589793	610.8284839399153	168.04920144429528	7664	326.7426756560512	1064.5233918128654	342	4.356496660549926	6.129182634037521	6.340273118203254	5.9180921498717876	28.63409756282447	0.9838103310568114
PMO20200815S-0155.fit	123	0	59077.91612268519	2459077.916122685	NaN	NaN	0	1.66845853122	NaN	-18.714910500000002	60	NaN	NaN	3.9968315190149037	10	14	18	1321.0239654261627	1703.1039875680194	1321.5239654261627	1353.3960124319806	21.66037947391181	-2.9202814167014317	101899.38102200662	314.1592653589794	604.8636361152415	168.46670048882268	9006	324.3558037531364	1066.356545961003	359	3.9968315190149037	5.530424130919982	6.002205496410466	5.058642765429498	341.44335911432165	0.9548844565478464
PMO20200815S-0156.fit	124	0	59077.9170023147	2459077.9170023147	NaN	NaN	0	1.67383631169	NaN	-18.61118325	60	NaN	NaN	7.971763548726255	10	14	18	1318.2617589582999	1702.8277669212332	1318.7617589582999	1353.6722330787668	21.660337439302584	-2.9201284822042664	100554.88060911652	314.1592653589794	605.0438850515199	166.19435894398669	8011	320.0761260191253	1066.3333333333333	357	7.971763548726255	7.176121274781133	9.025701435833689	5.326541113728578	0.2997169041371739	0.7663265968435728
PMO20200815S-0157.fit	125	0	59077.91954861116	2459077.919548611	NaN	NaN	0	1.68990941993	NaN	-18.334577250000002	60	NaN	NaN	3.194835720797293	10	14	18	1316.0519937840097	1701.7228843340881	1316.5519937840097	1354.7771156659119	21.660333862887594	-2.920074044908273	102659.18776009826	314.15926535897904	607.2142200069612	169.0658492136784	10800	326.77434371637304	1063.048433048433	351	3.194835720797293	5.336540999498139	5.758636078396672	4.914445920599604	7.998922461706425	0.9732544699367927
PMO20200815S-0158.fit	126	0	59077.92043981468	2459077.9204398147	NaN	NaN	0	1.69571673054	NaN	-17.951100750000002	60	NaN	NaN	6.154991244373086	10	14	18	1317.9046211505313	1701.7613114487372	1318.4046211505313	1354.7386885512628	21.660365651894534	-2.9201856641642787	101164.91632017621	314.1592653589795	605.5032351177158	167.07576516995613	9955	322.0179299966798	1065.8033707865168	356	6.154991244373086	5.985609101513361	7.022234433439856	4.9489837695868655	3.6943464775484607	0.885009925710752
PMO20200815S-0159.fit	127	0	59077.9213194442	2459077.921319444	NaN	NaN	0	1.70153309332	NaN	-17.82537075	60	NaN	NaN	3.7698709212158685	10	14	18	1313.7613114487372	1701.2088701551645	1314.2613114487372	1355.2911298448355	21.66029712911618	-2.920180729315722	100121.86616581114	314.15926535897916	607.6780771428511	164.76135956156077	10021	318.6977982374808	1066.163323782235	349	3.7698709212158685	5.73043853201181	6.444095619495752	5.016781444527868	356.6449446551106	0.9390090281919261
PMO20200815S-0160.fit	128	0	59077.92221064819	2459077.922210648	NaN	NaN	0	1.70753331396	NaN	-17.665065000000002	60	NaN	NaN	3.0988413719814596	10	14	18	1313.7613114487372	1701.2088701551645	1314.2613114487372	1355.2911298448355	21.66029646578879	-2.9203370948313454	100778.36206836818	314.15926535897916	601.2136627682617	167.62487000767527	9861	320.7874895977114	1065.429347826087	368	3.0988413719814596	5.2264155281741775	5.380621471265312	5.072209585083044	326.4369489116189	0.9769930021754114
PMO20200815S-0161.fit	129	0	59077.92310185172	2459077.9231018517	NaN	NaN	0	1.71364299239	NaN	-17.5204755	60	NaN	NaN	4.114684902375991	10	14	18	1313.7613114487372	1701.2088701551645	1314.2613114487372	1355.2911298448355	21.660295774003092	-2.9205109718468423	100231.30924211221	314.15926535897916	598.4279118958693	167.4910331715162	10197	319.0461663690908	1065.4281914893618	376	4.114684902375991	5.569923729639079	5.151777688811268	5.988069770466891	270.0119766119766	0.9777086651223007
PMO20200815S-0162.fit	130	0	59077.92398148123	2459077.923981481	NaN	NaN	0	1.71976208763	NaN	-17.388459	60	NaN	NaN	3.0307362155517854	10	14	18	1312.1039875680194	1700.3802082148056	1312.6039875680194	1356.1197917851944	21.660279314649646	-2.9202666769377044	99794.36269322428	314.1592653589794	611.1306504573787	163.29464512790642	9626	317.6553223066414	1065.5545722713864	339	3.0307362155517854	5.106646917179258	5.237287095307096	4.976006739051421	337.75894768485625	0.9948640242023706
PMO20200815S-0163.fit	131	0	59077.924872685224	2459077.924872685	NaN	NaN	0	1.72606326534	NaN	-17.297304750000002	60	NaN	NaN	3.5155265285467245	10	14	18	1310.1704430405155	1700.3802082148056	1310.6704430405155	1356.1197917851944	21.660256507027842	-2.9201666625519174	98657.04365738924	314.15926535897944	601.6463917907987	163.97845146837304	8227	314.0351233781282	1066.5205479452054	365	3.5155265285467245	5.457009307972383	5.916049829347609	4.997968786597156	0.7038546206651092	0.9720751868666693
PMO20200815S-0164.fit	132	0	59077.92576388875	2459077.9257638888	NaN	NaN	0	1.73246821218	NaN	-17.237583	60	NaN	NaN	4.161646865869355	10	14	18	1310.1704430405155	1700.3802082148056	1310.6704430405155	1356.1197917851944	21.66026203972717	-2.920416606678581	98691.7230595646	314.15926535897944	605.7972100578788	162.9121452212291	11541	314.14551134372186	1064.9602272727273	352	4.161646865869355	5.2757600785446845	5.033082495505631	5.5184376615837385	68.35627235608527	0.9840946732315131
PMO20200815S-0165.fit	133	0	59077.926643518265	2459077.9266435183	NaN	NaN	0	1.73889329235	NaN	-17.22186675	60	NaN	NaN	2.9764508825372182	10	14	18	1307.9606778662253	1699.551546274447	1308.4606778662253	1356.948453725553	21.660221820425395	-2.9203577760719464	97762.49114504264	314.1592653589794	601.8374568889235	162.44002433880735	11288	311.1876742942236	1065.8760330578511	363	2.9764508825372182	5.392074412252736	5.715821459268404	5.068327365237069	328.6568964587768	0.9320065113662213
PMO20200815S-0166.fit	134	0	59077.92753472226	2459077.9275347223	NaN	NaN	0	1.74550918972	NaN	-17.24701275	60	NaN	NaN	4.995249722343183	10	14	18	1308.2368985130115	1699.8277669212332	1308.7368985130115	1356.6722330787668	21.660229608731765	-2.92052621906019	97383.38068857318	314.15926535897916	601.3692407207055	161.93608534394767	11927	309.98092823172504	1065.9285714285713	364	4.995249722343183	5.490880664096331	4.9729749950941855	6.008786333098476	275.9855788312626	0.963467238537678
PMO20200815S-0167.fit	135	0	59077.92841435177	2459077.928414352	NaN	NaN	0	1.75214568937	NaN	-17.297304750000002	60	NaN	NaN	4.79086162411958	10	14	18	1307.684457219439	1699.2753256276605	1308.184457219439	1357.2246743723395	21.66022747599718	-2.920494129276052	97430.67593053129	314.15926535897927	600.0163605936408	162.38003216134953	11297	310.13147366257215	1065.7445652173913	368	4.79086162411958	5.578890411017273	5.33833083858208	5.819449983452465	59.466847751062865	0.9683430170408214
PMO20200815S-0168.fit	136	0	59077.929305555765	2459077.9293055558	NaN	NaN	0	1.75897912724	NaN	-17.353883250000003	60	NaN	NaN	4.758604384187406	10	14	18	1305.7509126919351	1698.9991049808743	1306.2509126919351	1357.5008950191257	21.660189828118106	-2.920604692574832	95886.08794704836	314.1592653589795	602.0653295806703	159.2619326109205	10155	305.2148974103389	1065.4972222222223	360	4.758604384187406	5.897322277472934	5.361615982681989	6.43302857226388	297.3783929809058	0.9024917740631743
PMO20200815S-0169.fit	137	0	59077.93019675929	2459077.9301967593	NaN	NaN	0	1.76592464765	NaN	-17.407318500000002	60	NaN	NaN	3.870583383018745	10	14	18	1304.0935888112176	1697.3417811001568	1304.5935888112176	1359.1582188998432	21.66015853636924	-2.920287191790659	93978.8630873941	314.1592653589791	610.3528793521988	153.97463707738882	10242	299.1440121303048	1066.5833333333333	336	3.870583383018745	5.785136100668498	6.754620799996307	4.8156514013406895	348.0381672833651	0.8728011595520591
PMO20200815S-0170.fit	138	0	59077.931076388806	2459077.931076389	NaN	NaN	0	1.7728916239	NaN	-17.448180750000002	60	NaN	NaN	3.1039220793806357	10	14	18	1304.0935888112176	1697.3417811001568	1304.5935888112176	1359.1582188998432	21.660164961834685	-2.9203858959303597	93758.83933079423	314.1592653589791	604.0507973228932	155.21681247061707	9957	298.4436547610945	1067.0339943342776	353	3.1039220793806357	5.380288913788823	5.377257738531363	5.383320089046282	314.74274043621847	0.984255658348165
PMO20200815S-0171.fit	139	0	59077.9319675928	2459077.931967593	NaN	NaN	0	1.78006522758	NaN	-17.4827565	60	NaN	NaN	4.238064613212568	10	14	18	1304.0935888112176	1697.3417811001568	1304.5935888112176	1359.1582188998432	21.660167287213856	-2.9204829292009746	93351.94590714289	314.1592653589791	602.146472252438	155.03195685585106	11960	297.14847276738055	1067.0614525139665	358	4.238064613212568	5.187627615759819	4.816858835168193	5.558396396351446	79.69612043412182	0.9769144429164234
PMO20200815S-0172.fit	140	0	59077.93304398144	2459077.9330439814	NaN	NaN	0	1.78888639988	NaN	-17.463897000000003	60	NaN	NaN	3.5912456506472346	10	14	18	1303.2649268708587	1695.684457219439	1303.7649268708587	1360.815542780561	21.660153560775132	-2.9201314579834983	93261.99862114963	314.1592653589791	605.0710573578933	154.13396077543024	9412	296.86216166371	1066.0028653295128	349	3.5912456506472346	5.044425394792876	5.299096177676896	4.789754611908855	346.93844420312774	0.9874172323386863
PMO20200815S-0173.fit	141	0	59077.93392361095	2459077.933923611	NaN	NaN	0	1.79622485234	NaN	-17.45446725	60	NaN	NaN	3.5949022792597445	10	14	18	1302.4362649304999	1695.684457219439	1302.9362649304999	1360.815542780561	21.660141158451253	-2.920247174472534	90940.82859221299	314.15926535897916	600.0674856434397	151.5510017922385	8876	289.4736479864695	1066.4626038781164	361	3.5949022792597445	5.307137159163828	5.57611062431793	5.038163694009727	8.193998503017223	0.9888940692340635
PMO20200815S-0174.fit	142	0	59077.934814814944	2459077.934814815	NaN	NaN	0	1.80378099254	NaN	-17.4450375	60	NaN	NaN	3.6820497824706013	10	14	18	1300.502720402996	1694.3033539855078	1301.002720402996	1362.1966460144922	21.660108380656176	-2.920034049533384	90360.10951503902	314.15926535897944	610.3848204779816	148.03793686133872	9677	287.6251617528692	1067.4774774774776	333	3.6820497824706013	4.978617832650911	5.20034008258517	4.756895582716651	21.017154476627354	0.9856760885506599
PMO20200815S-0175.fit	143	0	59077.93570601847	2459077.9357060185	NaN	NaN	0	1.8114724771	NaN	-17.423034750000003	60	NaN	NaN	3.0604844365751616	10	14	18	1299.3978378158508	1694.0271333387213	1299.8978378158508	1362.4728666612787	21.660095511153138	-2.920016476398191	89448.21989981661	314.1592653589793	609.6140276821932	146.7292677629265	9932	284.72252695653304	1065.5825825825825	333	3.0604844365751616	5.155267104680233	5.325299677410985	4.985234531949479	25.03205216664506	0.9894633632103227
PMO20200815S-0176.fit	144	0	59077.936585647985	2459077.936585648	NaN	NaN	0	1.81917653594	NaN	-17.413605	60	NaN	NaN	3.9166846678166176	10	14	18	1299.674058462637	1694.3033539855078	1300.174058462637	1362.1966460144922	21.660101181550996	-2.920188185531219	88884.04377764469	314.15926535897904	598.7045389174566	148.46061454346037	10636	282.92669858417173	1066.9063360881544	363	3.9166846678166176	4.981665182498782	5.2117953081174155	4.751535056880148	354.92632299925253	0.9912279682755843
PMO20200815S-0177.fit	145	0	59077.93747685198	2459077.937476852	NaN	NaN	0	1.82709775883	NaN	-17.401032	60	NaN	NaN	3.271612351716	10	14	18	1298.8453965222784	1694.3033539855078	1299.3453965222784	1362.1966460144922	21.66008287079786	-2.920346805423483	87511.0910161871	314.1592653589794	618.6135338918925	141.46326619404408	9842	278.55645421181856	1067.5627009646303	311	3.271612351716	4.945064731803482	4.98637694388503	4.903752519721934	32.84817159898155	0.9983521428657741
PMO20200815S-0178.fit	146	0	59077.938368055504	2459077.9383680555	NaN	NaN	0	1.83516087066	NaN	-17.413605	60	NaN	NaN	2.9060727356741864	10	14	18	1297.4642932883469	1693.474692045149	1297.9642932883469	1363.025307954851	21.660057599029358	-2.92033838919529	86457.20463833876	314.1592653589792	603.4038899835172	143.2824780773297	9677	275.2018296819832	1066.7175792507205	347	2.9060727356741864	5.059281297107941	5.124352720284703	4.9942098739311795	324.3540258410841	0.9935702141090691
PMO20200815S-0179.fit	147	0	59077.93924768502	2459077.939247685	NaN	NaN	0	1.84326114957	NaN	-17.432464500000002	60	NaN	NaN	3.445189516556463	10	14	18	1296.9118519947745	1692.3698094580038	1297.4118519947745	1364.1301905419962	21.660048065492262	-2.920136171329479	85667.08531872125	314.1592653589794	598.9726347837966	143.0233709251899	8421	272.68680177499243	1065.8715083798882	358	3.445189516556463	5.329695042093715	5.5392040096931785	5.120186074494252	3.5198764251038503	0.9937440663195167
PMO20200815S-0180.fit	148	0	59077.94013888901	2459077.940138889	NaN	NaN	0	1.85159030063	NaN	-17.448180750000002	60	NaN	NaN	5.697930448573785	10	14	18	1294.1496455269116	1691.8173681644312	1294.6496455269116	1364.6826318355688	21.66000624679306	-2.9200550665686285	84113.72042134771	314.15926535897916	602.2044788399695	139.67634479135148	8561	267.74228773814394	1066.948275862069	348	5.697930448573785	6.270923456257918	7.366385937784923	5.175460974730915	10.757528422753829	0.8671943927198809
PMO20200815S-0181.fit	149	0	59077.941018518526	2459077.9410185185	NaN	NaN	0	1.85994598511	NaN	-17.451324	60	NaN	NaN	3.225264692631998	10	14	18	1293.8734248801254	1692.0935888112176	1294.3734248801254	1364.4064111887824	21.66000389585498	-2.9201853154772897	82869.5641992251	314.1592653589793	602.2327408421481	137.6038839790448	8536	263.7820154835568	1067.521613832853	347	3.225264692631998	5.511568041874784	6.226354038302081	4.796782045447487	355.101180465252	0.9329905428767541
PMO20200815S-0182.fit	150	0	59077.94190972205	2459077.941909722	NaN	NaN	0	1.86853842367	NaN	-17.45446725	60	NaN	NaN	3.1601972114643564	10	14	18	1293.3209835865528	1692.0935888112176	1293.8209835865528	1364.4064111887824	21.659998684710036	-2.920345055648135	82201.56418130628	314.15926535897944	602.6365193045388	136.40322407969805	9352	261.6557053868116	1067.136231884058	345	3.1601972114643564	5.266460305739044	5.42954570414455	5.103374907333539	324.62747831691973	0.9647960333893175
PMO20200815S-0183.fit	151	0	59077.942800926045	2459077.942800926	NaN	NaN	0	1.87729739269	NaN	-17.435607750000003	60	NaN	NaN	5.162984506478991	10	14	18	1291.3874390590488	1691.2649268708587	1291.8874390590488	1365.2350731291413	21.65996844450977	-2.920219821753902	79889.27061471809	314.15926535897916	610.2596076509693	130.91030376765457	8027	254.2954463667698	1067.962962962963	324	5.162984506478991	6.03406563130964	7.183768765211776	4.884362497407504	354.19084289578694	0.8590650643583317
PMO20200815S-0184.fit	152	0	59077.94368055556	2459077.9436805556	NaN	NaN	0	1.88607277582	NaN	-17.423034750000003	60	NaN	NaN	4.1521269295822325	10	14	18	1290.8349977654764	1690.4362649304999	1291.3349977654764	1366.0637350695001	21.659958416013247	-2.9202134231893746	80449.78033364	314.15926535897944	601.683684187407	133.70776447476715	8203	256.079604215119	1067.4942196531792	346	4.1521269295822325	5.618804017325244	6.558775169897202	4.678832864753287	355.58926706195933	0.8915167609890539
PMO20200815S-0185.fit	153	0	59077.944571759086	2459077.944571759	NaN	NaN	0	1.89511023199	NaN	-17.39788875	60	NaN	NaN	4.5128176984303305	10	14	18	1290.2825564719037	1688.7789410497821	1290.7825564719037	1367.7210589502179	21.659952951605767	-2.9199080393428867	79139.32537572837	314.1592653589795	591.7727660614737	133.7326249439254	7227	251.90829653010059	1068.874331550802	374	4.5128176984303305	5.772511051971005	6.023491166291314	5.521530937650695	35.81309958730242	0.9241850980678057
PMO20200815S-0186.fit	154	0	59077.94546296308	2459077.945462963	NaN	NaN	0	1.90428542442	NaN	-17.413605	60	NaN	NaN	3.3523852536264833	10	14	18	1290.2825564719037	1688.7789410497821	1290.7825564719037	1367.7210589502179	21.659952234364507	-2.9201018456686576	76661.3805243501	314.1592653589795	602.0847321285119	127.32656457394957	7854	244.02075309398134	1068.9298245614036	342	3.3523852536264833	5.160302984185453	5.424368458478188	4.896237509892717	2.6609495193494577	0.9894897365779042
PMO20200815S-0187.fit	155	0	59077.946562500205	2459077.9465625	NaN	NaN	0	1.91584479096	NaN	-17.423034750000003	60	NaN	NaN	3.1997117404550552	10	14	18	1290.2825564719037	1689.0551616965686	1290.7825564719037	1367.4448383034314	21.659953141295876	-2.9203184641015585	77855.84197797615	314.15926535897927	593.2609273651799	131.23372598251734	8920	247.82284198752782	1067.4059945504086	367	3.1997117404550552	5.201405085577999	5.322723178328002	5.0800869928279955	17.46266938653642	0.996766469801426
PMO20200815S-0188.fit	156	0	59077.94745370373	2459077.9474537037	NaN	NaN	0	1.92536568031	NaN	-17.476470000000003	60	NaN	NaN	3.2021258018005962	10	14	18	1288.3490119444	1688.2264997562097	1288.8490119444	1368.2735002437903	21.65992197379115	-2.9202103344864265	76889.1573849892	314.1592653589791	595.5855983226729	129.09841608247322	7248	244.745789359835	1067.217270194986	359	3.2021258018005962	5.2762519861518715	5.499053552898619	5.053450419405124	341.39119302255176	0.9887928150456566
PMO20200815S-0189.fit	157	0	59077.94833333325	2459077.9483333332	NaN	NaN	0	1.93494496807	NaN	-17.586483750000003	60	NaN	NaN	4.078853359626051	10	14	18	1287.244129357255	1687.1216171690646	1287.744129357255	1369.3783828309354	21.659906877145602	-2.9200681223850817	76595.25208917208	314.1592653589794	593.8433061180751	128.98226064022094	6529	243.81025974723113	1069.1534246575343	365	4.078853359626051	5.57648185474891	5.8973400859744185	5.255623623523402	2.143882218493167	0.9867709255019437
PMO20200815S-0190.fit	158	0	59077.94922453724	2459077.9492245372	NaN	NaN	0	1.94479894914	NaN	-17.71221375	60	NaN	NaN	4.002100716820772	10	14	18	1287.244129357255	1687.674058462637	1287.744129357255	1368.825941537363	21.659916145058837	-2.92028443712035	76161.82147452456	314.15926535897927	602.949236646589	126.31547872605707	8415	242.43060725106102	1068.495575221239	339	4.002100716820772	5.035895007384251	5.3812167699663	4.690573244802204	9.108822048524324	0.9793487548744539
PMO20200815S-0191.fit	159	0	59077.950115740765	2459077.9501157408	NaN	NaN	0	1.95481876886	NaN	-17.841087	60	NaN	NaN	3.2035836051447406	10	14	18	1285.8630261233234	1687.1216171690646	1286.3630261233234	1369.3783828309354	21.65988933538099	-2.9203089678044885	76440.1170353592	314.1592653589792	593.4362625149699	128.80931258128322	8229	243.31644953400834	1067.6	365	3.2035836051447406	5.069474144592947	5.064928503281425	5.074019785904469	312.9591624834006	0.9993652144851733
PMO20200815S-0192.fit	160	0	59077.95099537028	2459077.9509953703	NaN	NaN	0	1.96487425585	NaN	-17.954244000000003	60	NaN	NaN	3.3751025824794425	10	14	18	1285.310584829751	1686.2929552287058	1285.810584829751	1370.2070447712942	21.65987730695559	-2.9202695534672305	75132.32358896965	314.1592653589794	592.1595755053615	126.8785082548908	6563	239.15361370328657	1068.6494565217392	368	3.3751025824794425	5.491319773039731	5.663762202754286	5.318877343325175	350.0226718106315	0.9955442875960866
PMO20200815S-0193.fit	161	0	59077.95188657427	2459077.9518865743	NaN	NaN	0	1.97523333184	NaN	-18.0988335	60	NaN	NaN	3.7961695232115904	10	14	18	1284.2057022426059	1685.1880726415607	1284.7057022426059	1371.3119273584393	21.65986392094892	-2.9201040831236424	74713.34186806442	314.1592653589793	601.9841126068377	124.11181674633416	6869	237.8199534643423	1068.3529411764705	340	3.7961695232115904	5.34158524506928	5.454997418588074	5.2281730715504855	340.88421122409375	0.9970803047079296
PMO20200815S-0194.fit	162	0	59077.95276620379	2459077.952766204	NaN	NaN	0	1.98563025527	NaN	-18.20884725	60	NaN	NaN	5.429476337676254	10	14	18	1281.9959370683157	1684.3594107012018	1282.4959370683157	1372.1405892987982	21.65982585497402	-2.91994419325106	74073.8474120092	314.1592653589792	589.7485003793593	125.60243453668937	7521	235.78437938912134	1068.5347593582887	374	5.429476337676254	5.9078969631973575	6.420788927726712	5.395004998668003	26.650417934889678	0.9168459492430697
PMO20200815S-0195.fit	163	0	59077.95365740731	2459077.9536574073	NaN	NaN	0	1.99634212342	NaN	-18.309431250000003	60	NaN	NaN	4.233005320347773	10	14	18	1281.9959370683157	1684.3594107012018	1282.4959370683157	1372.1405892987982	21.65982517084697	-2.920057237471208	73856.74685830239	314.1592653589792	592.7832602798869	124.59317225562407	6723	235.0933268637128	1069.1041095890412	365	4.233005320347773	5.3079139542700915	5.618161003793559	4.997666904746623	9.983183012194635	0.984635864242503
PMO20200815S-0196.fit	164	0	59077.954548611306	2459077.9545486113	NaN	NaN	0	2.00723691966	NaN	-18.444591000000003	60	NaN	NaN	4.167349870668568	10	14	18	1281.9959370683157	1684.3594107012018	1282.4959370683157	1372.1405892987982	21.659834091783168	-2.92017251131081	72768.59691086016	314.1592653589792	598.5809298507287	121.56851861118737	7393	231.62963800450046	1069.9137931034484	348	4.167349870668568	4.935291049966594	5.201094128028722	4.669487971904465	344.3569389663452	0.9842046782342628
PMO20200815S-0197.fit	165	0	59077.95542824082	2459077.955428241	NaN	NaN	0	2.01817324106	NaN	-18.551461500000002	60	NaN	NaN	6.347516036935688	10	14	18	1278.405068660094	1682.9783074672705	1278.905068660094	1373.5216925327295	21.659773449216054	-2.920015802218602	73671.02002796275	314.1592653589795	596.4378625477897	123.51834894126938	6388	234.50214000144572	1068.593220338983	354	6.347516036935688	6.576022810119149	7.779478818639811	5.372566801598486	17.204012035950058	0.8157379238350226
PMO20200815S-0198.fit	166	0	59077.95631944435	2459077.9563194443	NaN	NaN	0	2.02944269195	NaN	-18.683478	60	NaN	NaN	4.3611343653908925	10	14	18	1278.405068660094	1682.9783074672705	1278.905068660094	1373.5216925327295	21.65976293001735	-2.920133015849994	72276.16840114421	314.1592653589795	593.2614789355955	121.82852075752338	7067	230.0621893756869	1069.3563535911603	362	4.3611343653908925	6.04854226280972	7.322650551006881	4.774433974612559	4.912498008727748	0.8323922621645392
PMO20200815S-0199.fit	167	0	59077.95721064834	2459077.9572106483	NaN	NaN	0	2.0409065564	NaN	-18.796635000000002	60	NaN	NaN	2.842242883833151	10	14	18	1278.405068660094	1682.9783074672705	1278.905068660094	1373.5216925327295	21.65976936770348	-2.9203764619257795	72954.96429369552	314.1592653589795	593.8856356652084	122.84345657220523	8385	232.2228638086872	1069.4376731301938	361	2.842242883833151	5.213345401355731	5.52290317990446	4.903787622807002	330.6742313906751	0.9482580070296888
PMO20200815S-0200.fit	168	0	59077.958090277854	2459077.958090278	NaN	NaN	0	2.05241614797	NaN	-18.9412245	60	NaN	NaN	5.5925231286430055	10	14	18	1277.0239654261627	1681.0447629397665	1277.5239654261627	1375.4552370602335	21.659738919835906	-2.9200024434254197	72432.41149131017	314.1592653589795	598.5017604576208	121.0228879459395	6441	230.55952657816417	1068.492795389049	347	5.5925231286430055	6.337000516018076	7.221927002196976	5.452074029839175	18.81446327162132	0.8803529797723522
PMO20200815S-0201.fit	169	0	59077.95898148138	2459077.9589814814	NaN	NaN	0	2.06427850386	NaN	-19.08895725	60	NaN	NaN	3.5101028295131336	10	14	18	1277.0239654261627	1681.0447629397665	1277.5239654261627	1375.4552370602335	21.65974246235704	-2.920109836673805	72044.15831684542	314.1592653589795	592.1604429278956	121.66324038908806	7461	229.3236783404205	1069.427397260274	365	3.5101028295131336	5.23897788644117	5.578261244435037	4.899694528447301	10.838021089012592	0.9807355378699345
